367
|NAME|LT|SENSE|VARS|BINVARS|INTVARS|CONS|LINCONS|NLCONS|OTHERCONS|
|----|--|-----|----|-------|-------|----|-------|------|---------|
|i|1.5359549522399902|Min|31|0|0|15|14|1|0|
|i|1.4898860454559326|Min|15|0|0|8|1|7|0|
|i|1.5158460140228271|Max|11|0|0|12|5|7|0|
|i|2.551060199737549|Min|1031|0|0|514|513|1|0|
|i|5.012747049331665|Min|2457|0|0|1977|1064|913|0|
|i|18.841247081756592|Min|2283|0|0|2583|753|1830|0|
|i|8.549922943115234|Min|2091|0|0|2082|1041|1041|0|
|i|40.17732286453247|Min|2371|0|0|5153|2800|2353|0|
|i|18.3663809299469|Min|5073|0|0|5021|1510|3511|0|
|i|15.061339855194092|Min|7715|0|0|6708|6516|192|0|
|i|7.790317058563232|Min|4145|0|0|3428|3331|97|0|
|i|35.356359004974365|Min|19315|0|0|17431|17144|287|0|
|i|35.176034927368164|Min|19315|0|0|17575|17288|287|0|
|i|35.27705192565918|Min|19315|0|0|17431|17144|287|0|
|i|35.195313930511475|Min|19306|0|0|17526|17239|287|0|
|i|6.0363781452178955|Min|2094|0|0|1497|485|1012|0|
|i|19.153892993927002|Min|5048|0|0|2947|959|1988|0|
|i|15.729462146759033|Min|4333|0|0|2573|688|1885|0|
|i|104.1193699836731|Min|9805|0|0|10|9|1|0|
|i|6.870830059051514|Min|511|0|0|3|2|1|0|
|i|28.075703859329224|Min|1263|0|0|3|2|1|0|
|i|132.65290021896362|Min|3188|0|0|3|2|1|0|
|i|376.179475069046|Min|4153|0|0|3|2|1|0|
|i|35.560914039611816|Min|8677|0|0|26759|19687|7072|0|
|i|1.8500149250030518|Min|87|0|0|78|23|55|0|
|i|1.8070831298828125|Min|87|0|0|78|23|55|0|
|i|1.9299159049987793|Min|87|0|0|78|23|55|0|
|i|1.8807108402252197|Min|87|0|0|78|23|55|0|
|i|1.5005850791931152|Min|14|0|0|13|4|9|0|
|i|2.125087022781372|Min|280|0|0|243|96|147|0|
|i|2.1104161739349365|Min|200|0|0|201|100|101|0|
|i|2.5889861583709717|Min|400|0|0|401|200|201|0|
|i|3.6277148723602295|Min|800|0|0|801|400|401|0|
|i|6.2871551513671875|Min|1600|0|0|1601|800|801|0|
|i|2.6165661811828613|Min|304|0|0|201|1|200|0|
|i|3.494623899459839|Min|604|0|0|401|1|400|0|
|i|5.44541597366333|Min|1204|0|0|801|1|800|0|
|i|9.78398084640503|Min|2404|0|0|1601|1|1600|0|
|i|2.1048941612243652|Min|203|0|0|102|100|2|0|
|i|2.9229729175567627|Min|403|0|0|202|200|2|0|
|i|4.5328168869018555|Min|803|0|0|402|400|2|0|
|i|1.918828010559082|Min|103|0|0|52|50|2|0|
|i|1.6881499290466309|Min|63|0|0|42|20|22|0|
|i|1.505972146987915|Min|5|0|0|4|3|1|0|
|i|1.408094882965088|Min|12|0|0|5|4|1|0|
|i|1.6144700050354004|Min|44|0|0|39|16|23|0|
|i|1.039651870727539|Min|3|0|0|10|0|10|0|
|i|1.604330062866211|Min|71|0|0|58|56|2|0|
|i|1.4887139797210693|Min|5|0|0|3|1|2|0|
|i|134.32314586639404|Min|301|0|0|101|0|101|0|
|i|2.4671847820281982|Min|76|0|0|26|0|26|0|
|i|11.619374990463257|Min|151|0|0|51|0|51|0|
|i|1.609173059463501|Min|98|0|0|71|61|10|0|
|i|1.496021032333374|Min|4|0|0|5|1|4|0|
|i|1.432952880859375|Min|7|0|0|10|1|9|0|
|i|1.4025580883026123|Min|4|0|0|5|1|4|0|
|i|1.3685338497161865|Min|7|0|0|7|5|2|0|
|i|1.5065150260925293|Min|10|0|0|16|2|14|0|
|i|1.4575278759002686|Min|11|0|0|18|1|17|0|
|i|1.3699419498443604|Min|4|0|0|5|1|4|0|
|i|1.4956328868865967|Min|3|0|0|3|1|2|0|
|i|1.454468011856079|Min|6|0|0|8|2|6|0|
|i|1.4708731174468994|Min|5|0|0|6|2|4|0|
|i|1.5009491443634033|Min|7|0|0|10|2|8|0|
|i|1.5292119979858398|Min|6|0|0|8|2|6|0|
|i|1.4975709915161133|Min|5|0|0|6|2|4|0|
|i|1.504568099975586|Min|6|0|0|8|2|6|0|
|i|1.5952129364013672|Min|7|0|0|10|2|8|0|
|i|1.5162289142608643|Min|5|0|0|6|2|4|0|
|i|1.4274249076843262|Min|5|0|0|6|2|4|0|
|i|1.4049890041351318|Min|6|0|0|2|1|1|0|
|i|1.441443920135498|Min|21|0|0|11|10|1|0|
|i|1.4722068309783936|Min|7|0|0|3|2|1|0|
|i|1.4397618770599365|Min|14|0|0|10|9|1|0|
|i|1.5068330764770508|Min|7|0|0|6|5|1|0|
|i|1.5618669986724854|Min|11|0|0|12|11|1|0|
|i|1.5396151542663574|Min|11|0|0|6|5|1|0|
|i|1.5690059661865234|Min|21|0|0|11|10|1|0|
|i|1.4513850212097168|Min|25|0|0|11|10|1|0|
|i|1.3960320949554443|Min|11|0|0|2|1|1|0|
|i|1.4033820629119873|Min|9|0|0|7|4|3|0|
|i|1.0547480583190918|Min|6|0|0|7|0|7|0|
|i|1.5683891773223877|Min|7|0|0|7|4|3|0|
|i|1.4163310527801514|Min|4|0|0|4|3|1|0|
|i|1.0080900192260742|Min|2|0|0|1|0|1|0|
|i|1.156041145324707|Min|2|0|0|1|0|1|0|
|i|1.0279130935668945|Min|2|0|0|1|0|1|0|
|i|1.0558750629425049|Min|2|0|0|1|0|1|0|
|i|1.0397768020629883|Min|3|0|0|1|0|1|0|
|i|1.0375990867614746|Min|2|0|0|1|0|1|0|
|i|1.0672638416290283|Min|2|0|0|1|0|1|0|
|i|1.1296639442443848|Min|3|0|0|2|0|2|0|
|i|1.4049818515777588|Min|3|0|0|3|1|2|0|
|i|1.5012781620025635|Min|10|0|0|7|4|3|0|
|i|1.6407458782196045|Min|10|0|0|7|4|3|0|
|i|1.5207178592681885|Min|10|0|0|7|4|3|0|
|i|1.3859190940856934|Min|8|0|0|7|3|4|0|
|i|1.509335994720459|Min|33|0|0|20|8|12|0|
|i|1.552673101425171|Min|23|0|0|17|8|9|0|
|i|1.524001121520996|Min|63|0|0|54|19|35|0|
|i|1.4900498390197754|Min|9|0|0|7|4|3|0|
|i|1.4107770919799805|Min|17|0|0|14|9|5|0|
|i|1.4405059814453125|Min|28|0|0|20|13|7|0|
|i|1.3643591403961182|Min|9|0|0|7|2|5|0|
|i|1.3805921077728271|Min|5|0|0|4|1|3|0|
|i|1.3896307945251465|Min|13|0|0|10|3|7|0|
|i|1.3522498607635498|Min|7|0|0|5|1|4|0|
|i|1.5821850299835205|Min|7|0|0|4|3|1|0|
|i|1.4338409900665283|Min|4|0|0|2|1|1|0|
|i|1.3853669166564941|Min|5|0|0|3|2|1|0|
|i|1.5603148937225342|Min|7|0|0|4|3|1|0|
|i|1.401432991027832|Min|5|0|0|3|2|1|0|
|i|1.642157793045044|Min|10|0|0|4|3|1|0|
|i|1.4435009956359863|Min|4|0|0|2|1|1|0|
|i|1.6081979274749756|Min|10|0|0|4|3|1|0|
|i|1.4673779010772705|Min|4|0|0|2|1|1|0|
|i|1.6010539531707764|Min|5|0|0|3|2|1|0|
|i|1.5233259201049805|Min|8|0|0|15|2|13|0|
|i|1.4049911499023438|Min|7|0|0|6|1|5|0|
|i|1.3871519565582275|Min|9|0|0|7|4|3|0|
|i|1.1731500625610352|Min|9|0|0|5|0|5|0|
|i|1.49350905418396|Min|5|0|0|8|7|1|0|
|i|1.5729939937591553|Min|5|0|0|8|7|1|0|
|i|1.4992551803588867|Min|6|0|0|9|7|2|0|
|i|1.523927927017212|Min|13|0|0|18|11|7|0|
|i|1.5474879741668701|Min|14|0|0|16|5|11|0|
|i|1.6117911338806152|Min|18|0|0|18|8|10|0|
|i|1.063910961151123|Min|3|0|0|1|0|1|0|
|i|1.0324580669403076|Min|3|0|0|1|0|1|0|
|i|1.1057419776916504|Min|3|0|0|1|0|1|0|
|i|1.0216460227966309|Min|3|0|0|1|0|1|0|
|i|1.0622360706329346|Min|6|0|0|6|0|6|0|
|i|1.5094571113586426|Min|56|0|0|32|6|26|0|
|i|1.4855320453643799|Min|56|0|0|32|6|26|0|
|i|1.4797170162200928|Min|58|0|0|34|6|28|0|
|i|17.507021188735962|Min|7511|0|0|1948|72|1876|0|
|i|19.76263999938965|Min|7511|0|0|1948|72|1876|0|
|i|14.845362901687622|Min|7523|0|0|1960|72|1888|0|
|i|40.24561882019043|Min|15637|0|0|3156|30|3126|0|
|i|44.32575607299805|Min|15637|0|0|3156|30|3126|0|
|i|38.08912682533264|Min|15642|0|0|3161|30|3131|0|
|i|1.6093730926513672|Min|56|0|0|82|6|76|0|
|i|1.6366791725158691|Min|56|0|0|82|6|76|0|
|i|1.693498134613037|Min|62|0|0|88|6|82|0|
|i|22.13743805885315|Min|2511|0|0|3775|24|3751|0|
|i|22.576881885528564|Min|2511|0|0|3775|24|3751|0|
|i|15.013262033462524|Min|2535|0|0|3799|24|3775|0|
|i|1.6384809017181396|Min|116|0|0|77|18|59|0|
|i|1.8117170333862305|Min|142|0|0|109|43|66|0|
|i|1.6465020179748535|Min|116|0|0|77|18|59|0|
|i|1.6557650566101074|Min|121|0|0|82|18|64|0|
|i|1.766171932220459|Min|116|0|0|73|19|54|0|
|i|1.6554069519042969|Min|111|0|0|72|18|54|0|
|i|1.644545078277588|Min|111|0|0|77|28|49|0|
|i|1.59505295753479|Min|111|0|0|77|28|49|0|
|i|1.6413450241088867|Min|111|0|0|77|28|49|0|
|i|1.647752046585083|Min|111|0|0|77|28|49|0|
|i|1.738279104232788|Min|111|0|0|77|27|50|0|
|i|1.6556808948516846|Min|127|0|0|93|27|66|0|
|i|1.7437589168548584|Min|127|0|0|94|29|65|0|
|i|1.5043699741363525|Min|79|0|0|46|19|27|0|
|i|1.1267061233520508|Min|23|0|0|11|0|11|0|
|i|1.1593248844146729|Min|25|0|0|11|0|11|0|
|i|1.1530239582061768|Min|53|0|0|26|0|26|0|
|i|1.175117015838623|Min|18|0|0|13|0|13|0|
|i|1.0892012119293213|Min|16|0|0|12|0|12|0|
|i|1.1628308296203613|Min|15|0|0|9|0|9|0|
|i|1.1906530857086182|Min|63|0|0|41|0|41|0|
|i|1.1541709899902344|Min|43|0|0|31|0|31|0|
|i|1.1865220069885254|Min|43|0|0|31|0|31|0|
|i|1.4807100296020508|Min|7|0|0|5|2|3|0|
|i|1.5089080333709717|Min|7|0|0|5|2|3|0|
|i|1.476811170578003|Min|6|0|0|5|2|3|0|
|i|1.4788341522216797|Min|6|0|0|5|2|3|0|
|i|1.5006639957427979|Min|6|0|0|5|2|3|0|
|i|1.508970022201538|Min|7|0|0|5|2|3|0|
|i|1.3743040561676025|Min|76|0|0|46|0|46|0|
|i|1.252410888671875|Min|31|0|0|1|0|1|0|
|i|1.6395289897918701|Min|14|0|0|13|8|5|0|
|i|1.5090980529785156|Min|11|0|0|10|6|4|0|
|i|1.486034870147705|Min|11|0|0|10|6|4|0|
|i|1.3812439441680908|Min|14|0|0|13|8|5|0|
|i|1.4991710186004639|Min|15|0|0|13|8|5|0|
|i|1.5121300220489502|Min|11|0|0|12|7|5|0|
|i|1.5150160789489746|Min|17|0|0|16|10|6|0|
|i|1.3826189041137695|Min|9|0|0|8|5|3|0|
|i|1.52736496925354|Min|9|0|0|8|4|4|0|
|i|1.5260210037231445|Min|17|0|0|13|6|7|0|
|i|1.5189478397369385|Min|11|0|0|10|5|5|0|
|i|1.3763670921325684|Min|7|0|0|6|3|3|0|
|i|1.1238269805908203|Min|3|0|0|2|0|2|0|
|i|6.730785846710205|Min|2401|0|0|2399|1999|400|0|
|i|14.250715017318726|Min|4801|0|0|4799|3999|800|0|
|i|23.674987077713013|Min|9601|0|0|9599|7999|1600|0|
|i|4.125570774078369|Min|1201|0|0|1199|999|200|0|
|i|2.4338698387145996|Min|357|0|0|274|89|185|0|
|i|6.427317142486572|Min|2604|0|0|2599|1798|801|0|
|i|12.48086404800415|Min|5204|0|0|5199|3598|1601|0|
|i|23.0559241771698|Min|10404|0|0|10399|7198|3201|0|
|i|4.0339109897613525|Min|1304|0|0|1299|898|401|0|
|i|4.740011930465698|Min|1316|0|0|1210|103|1107|0|
|i|7.795597076416016|Min|2616|0|0|2410|203|2207|0|
|i|15.005259037017822|Min|5216|0|0|4810|403|4407|0|
|i|3.2139291763305664|Min|666|0|0|610|53|557|0|
|i|1.711116075515747|Min|78|0|0|112|111|1|0|
|i|1.470062017440796|Min|64|0|0|25|24|1|0|
|i|1.4258699417114258|Min|21|0|0|8|7|1|0|
|i|1.5119400024414062|Min|13|0|0|10|7|3|0|
|i|1.564471960067749|Min|30|0|0|26|19|7|0|
|i|1.4374828338623047|Min|19|0|0|22|1|21|0|
|i|1.5860378742218018|Min|9|0|0|9|6|3|0|
|i|1.1109609603881836|Min|4|0|0|2|0|2|0|
|i|1.4603750705718994|Min|32|0|0|25|18|7|0|
|i|1.4984841346740723|Min|22|0|0|8|7|1|0|
|i|5.955938100814819|Max|273|0|0|1615|1450|165|0|
|i|1.8254590034484863|Min|96|0|0|78|34|44|0|
|i|1.6820399761199951|Min|39|0|0|29|16|13|0|
|i|1.0586960315704346|Min|4|0|0|1|0|1|0|
|i|1.75766921043396|Min|10|0|0|4|3|1|0|
|i|1.4366447925567627|Min|25|0|0|21|20|1|0|
|i|1.4189660549163818|Min|3|0|0|3|1|2|0|
|i|1.4891729354858398|Min|3|0|0|5|3|2|0|
|i|1.3225347995758057|Min|27|0|0|78|0|78|0|
|i|1.5449180603027344|Min|9|0|0|3|2|1|0|
|i|8.545765161514282|Min|3006|0|0|2998|2097|901|0|
|i|18.34067702293396|Min|6006|0|0|5998|4197|1801|0|
|i|30.79611897468567|Min|12006|0|0|11998|8397|3601|0|
|i|4.927016019821167|Min|1506|0|0|1498|1047|451|0|
|i|1.032263994216919|Min|6|0|0|4|0|4|0|
|i|1.5960800647735596|Min|65|0|0|80|75|5|0|
|i|1.4795660972595215|Min|6|0|0|6|5|1|0|
|i|1.6517009735107422|Min|104|0|0|77|43|34|0|
|i|1.6802589893341064|Min|117|0|0|97|65|32|0|
|i|10.488240003585815|Min|5006|0|0|4996|3495|1501|0|
|i|5.8307459354400635|Min|2506|0|0|2496|1745|751|0|
|i|1.5464420318603516|Min|43|0|0|9|8|1|0|
|i|11.5645010471344|Min|5616|0|0|5593|3992|1601|0|
|i|21.993268966674805|Min|11216|0|0|11193|7992|3201|0|
|i|4.205022096633911|Min|1416|0|0|1393|992|401|0|
|i|6.301682949066162|Min|2816|0|0|2793|1992|801|0|
|i|1.085338830947876|Min|2|0|0|2|0|2|0|
|i|1.649953842163086|Min|15|0|0|36|12|24|0|
|i|1.06974196434021|Min|3|0|0|1|0|1|0|
|i|1.4344298839569092|Min|11|0|0|8|3|5|0|
|i|1.5160551071166992|Min|21|0|0|23|20|3|0|
|i|89.4437518119812|Min|51|0|0|3|2|1|0|
|i|15.566927909851074|Min|51|0|0|3|2|1|0|
|i|2.1687090396881104|Min|101|0|0|53|52|1|0|
|i|1.9060840606689453|Min|80|0|0|32|31|1|0|
|i|1.8230490684509277|Min|109|0|0|32|32|0|0|
|i|1.4935050010681152|Min|34|0|0|23|11|12|0|
|i|1.0497000217437744|Min|3|0|0|1|0|1|0|
|i|3.153006076812744|Min|608|0|0|503|1|502|0|
|i|4.59495997428894|Min|1208|0|0|1003|1|1002|0|
|i|7.650541067123413|Min|2408|0|0|2003|1|2002|0|
|i|2.3631348609924316|Min|308|0|0|253|1|252|0|
|i|1.4263958930969238|Min|18|0|0|11|10|1|0|
|i|1.3548088073730469|Min|5|0|0|3|1|2|0|
|i|1.5373361110687256|Min|11|0|0|17|9|8|0|
|i|1.5336410999298096|Min|40|0|0|28|27|1|0|
|i|1.5491669178009033|Min|11|0|0|11|10|1|0|
|i|1.6453471183776855|Min|11|0|0|11|10|1|0|
|i|1.3521230220794678|Min|5|0|0|7|6|1|0|
|i|1.4239239692687988|Min|5|0|0|5|4|1|0|
|i|1.3603670597076416|Min|5|0|0|6|5|1|0|
|i|1.3607029914855957|Min|4|0|0|6|5|1|0|
|i|1.427882194519043|Min|7|0|0|2|1|1|0|
|i|1.3914220333099365|Min|7|0|0|5|4|1|0|
|i|1.4766209125518799|Min|5|0|0|7|6|1|0|
|i|1.3981950283050537|Min|5|0|0|3|2|1|0|
|i|1.4128289222717285|Min|4|0|0|2|1|1|0|
|i|1.4898600578308105|Min|3|0|0|2|1|1|0|
|i|1.5152819156646729|Min|4|0|0|4|1|3|0|
|i|1.571099042892456|Min|11|0|0|8|3|5|0|
|i|1.056318998336792|Min|5|0|0|3|0|3|0|
|i|1.5205628871917725|Min|6|0|0|4|2|2|0|
|i|1.3701729774475098|Min|4|0|0|4|3|1|0|
|i|1.52219820022583|Min|11|0|0|8|5|3|0|
|i|1.4227180480957031|Min|3|0|0|3|1|2|0|
|i|1.0235669612884521|Min|3|0|0|2|0|2|0|
|i|1.4170849323272705|Min|4|0|0|3|1|2|0|
|i|1.5228822231292725|Min|5|0|0|4|3|1|0|
|i|1.4367220401763916|Min|13|0|0|10|5|5|0|
|i|1.4847140312194824|Min|3|0|0|2|1|1|0|
|i|1.4528019428253174|Min|3|0|0|5|3|2|0|
|i|1.385861873626709|Min|3|0|0|3|1|2|0|
|i|1.5268430709838867|Min|7|0|0|7|6|1|0|
|i|1.6267151832580566|Min|3|0|0|6|5|1|0|
|i|1.481860876083374|Min|3|0|0|3|2|1|0|
|i|1.3593618869781494|Min|3|0|0|5|4|1|0|
|i|1.494715929031372|Min|5|0|0|9|8|1|0|
|i|1.368969202041626|Min|3|0|0|5|4|1|0|
|i|1.474329948425293|Min|10|0|0|5|1|4|0|
|i|1.550462007522583|Min|15|0|0|16|11|5|0|
|i|1.510166883468628|Min|10|0|0|7|4|3|0|
|i|1.5324251651763916|Min|7|0|0|5|1|4|0|
|i|1.414534091949463|Min|5|0|0|2|1|1|0|
|i|1.0410690307617188|Min|5|0|0|3|0|3|0|
|i|1.3766140937805176|Min|8|0|0|3|2|1|0|
|i|1.6424429416656494|Min|21|0|0|11|10|1|0|
|i|1.7063028812408447|Min|21|0|0|11|10|1|0|
|i|1.5249519348144531|Min|21|0|0|11|10|1|0|
|i|1.5855598449707031|Min|21|0|0|11|10|1|0|
|i|1.5977098941802979|Min|21|0|0|11|10|1|0|
|i|1.477051019668579|Min|25|0|0|21|20|1|0|
|i|1.6084249019622803|Min|5|0|0|9|8|1|0|
|i|1.5020058155059814|Min|5|0|0|10|9|1|0|
|i|1.514120101928711|Min|5|0|0|9|8|1|0|
|i|1.4158461093902588|Min|6|0|0|8|7|1|0|
|i|1.6303579807281494|Min|5|0|0|9|8|1|0|
|i|1.4877650737762451|Min|8|0|0|14|13|1|0|
|i|1.5355138778686523|Min|6|0|0|12|11|1|0|
|i|1.6225559711456299|Min|6|0|0|9|8|1|0|
|i|1.366894006729126|Min|3|0|0|4|3|1|0|
|i|1.3962841033935547|Min|9|0|0|8|7|1|0|
|i|1.4379518032073975|Min|9|0|0|8|7|1|0|
|i|1.6751658916473389|Min|11|0|0|14|13|1|0|
|i|1.6968801021575928|Min|21|0|0|12|11|1|0|
|i|1.8123531341552734|Min|31|0|0|22|21|1|0|
|i|1.4772851467132568|Min|4|0|0|5|4|1|0|
|i|1.3917899131774902|Min|7|0|0|6|5|1|0|
|i|1.4949119091033936|Min|3|0|0|5|4|1|0|
|i|1.4993290901184082|Min|4|0|0|5|4|1|0|
|i|1.3715169429779053|Min|4|0|0|5|4|1|0|
|i|1.6224510669708252|Min|4|0|0|11|10|1|0|
|i|1.6602678298950195|Min|4|0|0|11|10|1|0|
|i|1.5112309455871582|Min|5|0|0|5|4|1|0|
|i|1.3857760429382324|Min|7|0|0|6|5|1|0|
|i|1.5164899826049805|Min|4|0|0|10|9|1|0|
|i|1.4120008945465088|Min|7|0|0|6|5|1|0|
|i|1.5337400436401367|Min|3|0|0|6|5|1|0|
|i|1.5133349895477295|Min|3|0|0|3|2|1|0|
|i|1.536890983581543|Min|6|0|0|6|5|1|0|
|i|1.7247350215911865|Min|11|0|0|11|10|1|0|
|i|1.581963062286377|Min|11|0|0|11|10|1|0|
|i|1.7165958881378174|Min|11|0|0|11|10|1|0|
|i|1.5883212089538574|Min|11|0|0|11|10|1|0|
|i|1.4271368980407715|Min|3|0|0|5|4|1|0|
|i|1.5191361904144287|Min|7|0|0|13|12|1|0|
|i|1.6773271560668945|Min|12|0|0|23|22|1|0|
|i|1.3730370998382568|Min|9|0|0|9|2|7|0|
|i|1.433211088180542|Min|11|0|0|6|5|1|0|
|i|1.4320611953735352|Min|21|0|0|11|10|1|0|
|i|1.4569051265716553|Min|21|0|0|21|20|1|0|
|i|1.5278050899505615|Min|31|0|0|21|20|1|0|
|i|1.612835168838501|Min|41|0|0|21|20|1|0|
|i|1.7239160537719727|Min|51|0|0|21|20|1|0|
|i|1.389451026916504|Min|4|0|0|6|5|1|0|
|i|30.686918020248413|Min|1409|0|0|5|3|2|0|
|i|100.40237879753113|Min|2709|0|0|5|3|2|0|
|i|212.3826310634613|Min|4009|0|0|5|3|2|0|
|i|3.1806108951568604|Min|519|0|0|288|287|1|0|
|i|1.6077351570129395|Min|6|0|0|6|2|4|0|
|i|1.5830810070037842|Min|42|0|0|26|10|16|0|
|i|1.4581291675567627|Min|66|0|0|13|12|1|0|
