142
|NAME|LT|SENSE|VARS|BINVARS|INTVARS|CONS|LINCONS|NLCONS|OTHERCONS|
|----|--|-----|----|-------|-------|----|-------|------|---------|
|i|2.8461649417877197|Min|279|129|0|1020|1018|2|0|
|i|3.212723970413208|Min|407|203|0|1512|1510|2|0|
|i|3.5436201095581055|Min|446|203|0|1782|1780|2|0|
|i|4.037330865859985|Min|559|251|0|2328|2326|2|0|
|i|1.9188551902770996|Min|91|18|0|133|109|24|0|
|i|1.7766599655151367|Min|31|18|0|55|31|24|0|
|i|2.0662901401519775|Min|165|32|0|235|203|32|0|
|i|1.7624881267547607|Min|53|32|0|91|59|32|0|
|i|2.41748309135437|Min|261|50|0|366|326|40|0|
|i|1.8498330116271973|Min|81|50|0|136|96|40|0|
|i|2.0191810131073|Min|100|21|0|151|115|36|0|
|i|1.7463769912719727|Min|34|21|0|67|31|36|0|
|i|2.2112550735473633|Min|177|36|0|259|211|48|0|
|i|1.8849170207977295|Min|57|36|0|107|59|48|0|
|i|2.51579213142395|Min|276|55|0|396|336|60|0|
|i|1.945152997970581|Min|86|55|0|156|96|60|0|
|i|1.6492140293121338|Min|47|4|0|52|50|2|0|
|i|1.5913569927215576|Min|15|4|0|12|10|2|0|
|i|1.7101128101348877|Min|123|12|0|145|142|3|0|
|i|1.570504903793335|Min|27|12|0|25|22|3|0|
|i|1.9355740547180176|Min|235|24|0|283|279|4|0|
|i|1.5566411018371582|Min|43|24|0|43|39|4|0|
|i|2.139192819595337|Min|383|40|0|466|461|5|0|
|i|1.683419942855835|Min|63|40|0|66|61|5|0|
|i|2.476871967315674|Min|567|60|0|694|688|6|0|
|i|1.7094919681549072|Min|87|60|0|94|88|6|0|
|i|1.8911330699920654|Min|115|42|0|212|198|14|0|
|i|2.019263982772827|Min|115|42|0|212|198|14|0|
|i|1.9803540706634521|Min|147|56|0|274|258|16|0|
|i|2.119187831878662|Min|183|72|0|344|326|18|0|
|i|2.002509117126465|Min|115|42|0|212|198|14|0|
|i|1.8960518836975098|Min|115|42|0|212|198|14|0|
|i|2.0689518451690674|Max|309|37|0|430|427|3|0|
|i|1.929330825805664|Max|171|69|0|287|284|3|0|
|i|2.866105079650879|Max|701|148|0|1046|1040|6|0|
|i|2.658499002456665|Max|361|148|0|770|764|6|0|
|i|3.467646837234497|Max|1051|222|0|1699|1690|9|0|
|i|3.1017868518829346|Max|541|222|0|1285|1276|9|0|
|i|4.18589186668396|Max|1401|296|0|2439|2427|12|0|
|i|3.5041189193725586|Max|721|296|0|1887|1875|12|0|
|i|2.2829208374023438|Max|344|42|0|484|478|6|0|
|i|1.9592242240905762|Max|186|74|0|313|307|6|0|
|i|3.0598840713500977|Max|791|168|0|1189|1177|12|0|
|i|2.7225279808044434|Max|411|168|0|867|855|12|0|
|i|3.6312220096588135|Max|1186|252|0|1936|1918|18|0|
|i|3.1618340015411377|Max|616|252|0|1453|1435|18|0|
|i|4.42645788192749|Max|1581|336|0|2785|2761|24|0|
|i|3.7764999866485596|Max|821|336|0|2141|2117|24|0|
|i|2.2871170043945312|Max|388|47|0|553|542|11|0|
|i|2.0279970169067383|Max|206|79|0|348|337|11|0|
|i|3.105118989944458|Max|899|188|0|1362|1340|22|0|
|i|2.694443941116333|Max|471|188|0|982|960|22|0|
|i|3.914217948913574|Max|1348|282|0|2218|2185|33|0|
|i|3.49053692817688|Max|706|282|0|1648|1615|33|0|
|i|4.937481164932251|Max|1797|376|0|3191|3147|44|0|
|i|4.0855138301849365|Max|941|376|0|2431|2387|44|0|
|i|2.3845410346984863|Max|418|52|0|605|591|14|0|
|i|2.1678009033203125|Max|216|84|0|372|358|14|0|
|i|3.324413776397705|Max|979|208|0|1501|1473|28|0|
|i|2.852402925491333|Max|511|208|0|1075|1047|28|0|
|i|4.146888971328735|Max|1468|312|0|2449|2407|42|0|
|i|3.4502670764923096|Max|766|312|0|1810|1768|42|0|
|i|5.3093061447143555|Max|1957|416|0|3529|3473|56|0|
|i|4.335397958755493|Max|1021|416|0|2677|2621|56|0|
|i|2.5723628997802734|Max|495|62|0|717|697|20|0|
|i|2.088489055633545|Max|251|94|0|426|406|20|0|
|i|3.616058826446533|Max|1173|248|0|1795|1755|40|0|
|i|2.9719529151916504|Max|621|248|0|1273|1233|40|0|
|i|4.712876081466675|Max|1759|372|0|2935|2875|60|0|
|i|3.884147882461548|Max|931|372|0|2152|2092|60|0|
|i|6.165704965591431|Max|2345|496|0|4237|4157|80|0|
|i|4.858519077301025|Max|1241|496|0|3193|3113|80|0|
|i|2.7047030925750732|Max|569|72|0|838|810|28|0|
|i|2.3731179237365723|Max|281|104|0|485|457|28|0|
|i|3.849684953689575|Max|1361|288|0|2107|2051|56|0|
|i|3.2322919368743896|Max|721|288|0|1481|1425|56|0|
|i|5.204431056976318|Max|2041|432|0|3448|3364|84|0|
|i|4.252285957336426|Max|1081|432|0|2509|2425|84|0|
|i|6.950121879577637|Max|2721|576|0|4981|4869|112|0|
|i|5.50823712348938|Max|1441|576|0|3729|3617|112|0|
|i|1.8813209533691406|Min|141|24|0|175|174|1|0|
|i|1.5290031433105469|Min|45|24|0|55|54|1|0|
|i|1.933426856994629|Min|231|40|0|291|290|1|0|
|i|1.5443360805511475|Min|71|40|0|91|90|1|0|
|i|2.1796538829803467|Min|343|60|0|436|435|1|0|
|i|1.6795060634613037|Min|103|60|0|136|135|1|0|
|i|2.5931379795074463|Min|477|84|0|610|609|1|0|
|i|1.7479169368743896|Min|141|84|0|190|189|1|0|
|i|2.7546889781951904|Min|633|112|0|813|812|1|0|
|i|1.9530339241027832|Min|185|112|0|253|252|1|0|
|i|2.949359893798828|Min|811|144|0|1045|1044|1|0|
|i|1.9865970611572266|Min|235|144|0|325|324|1|0|
|i|3.2789978981018066|Min|1011|180|0|1306|1305|1|0|
|i|2.2342939376831055|Min|291|180|0|406|405|1|0|
|i|1.606806993484497|Max|43|5|0|59|56|3|0|
|i|1.5998339653015137|Max|21|5|0|29|26|3|0|
|i|1.8331239223480225|Max|105|20|0|152|146|6|0|
|i|1.6757378578186035|Max|61|20|0|102|96|6|0|
|i|1.8962290287017822|Max|157|30|0|250|241|9|0|
|i|1.7299180030822754|Max|91|30|0|175|166|9|0|
|i|2.026210069656372|Max|209|40|0|363|351|12|0|
|i|1.8735241889953613|Max|121|40|0|263|251|12|0|
|i|1.729233980178833|Max|78|10|0|113|107|6|0|
|i|1.6485681533813477|Max|36|10|0|55|49|6|0|
|i|1.92044997215271|Max|195|40|0|295|283|12|0|
|i|1.8683350086212158|Max|111|40|0|199|187|12|0|
|i|2.160339832305908|Max|292|60|0|487|469|18|0|
|i|1.994826078414917|Max|166|60|0|343|325|18|0|
|i|2.6020359992980957|Max|389|80|0|709|685|24|0|
|i|2.2340710163116455|Max|221|80|0|517|493|24|0|
|i|1.797874927520752|Max|122|15|0|182|171|11|0|
|i|1.811331033706665|Max|56|15|0|90|79|11|0|
|i|2.2917380332946777|Max|303|60|0|468|446|22|0|
|i|1.9831209182739258|Max|171|60|0|314|292|22|0|
|i|2.606611967086792|Max|454|90|0|769|736|33|0|
|i|2.258327007293701|Max|256|90|0|538|505|33|0|
|i|2.887941837310791|Max|605|120|0|1115|1071|44|0|
|i|2.59513783454895|Max|341|120|0|807|763|44|0|
|i|1.8268368244171143|Max|152|20|0|234|220|14|0|
|i|1.7162628173828125|Max|66|20|0|114|100|14|0|
|i|2.4403598308563232|Max|383|80|0|607|579|28|0|
|i|2.217327833175659|Max|211|80|0|407|379|28|0|
|i|2.783921957015991|Max|574|120|0|1000|958|42|0|
|i|2.4797098636627197|Max|316|120|0|700|658|42|0|
|i|3.3752660751342773|Max|765|160|0|1453|1397|56|0|
|i|2.92792010307312|Max|421|160|0|1053|997|56|0|
|i|2.0183188915252686|Max|229|30|0|346|326|20|0|
|i|1.753584861755371|Max|101|30|0|168|148|20|0|
|i|2.7390809059143066|Max|577|120|0|901|861|40|0|
|i|2.372661828994751|Max|321|120|0|605|565|40|0|
|i|3.227066993713379|Max|865|180|0|1486|1426|60|0|
|i|2.8546199798583984|Max|481|180|0|1042|982|60|0|
|i|3.9732580184936523|Max|1153|240|0|2161|2081|80|0|
|i|3.3181169033050537|Max|641|240|0|1569|1489|80|0|
|i|2.253507137298584|Max|303|40|0|467|439|28|0|
|i|1.8377389907836914|Max|131|40|0|227|199|28|0|
|i|3.0615150928497314|Max|765|160|0|1213|1157|56|0|
|i|2.6240150928497314|Max|421|160|0|813|757|56|0|
|i|3.890305995941162|Max|1147|240|0|1999|1915|84|0|
|i|3.1490979194641113|Max|631|240|0|1399|1315|84|0|
|i|4.651727914810181|Max|1529|320|0|2905|2793|112|0|
|i|3.822949171066284|Max|841|320|0|2105|1993|112|0|
