607
|NAME|LT|SENSE|VARS|BINVARS|INTVARS|CONS|LINCONS|NLCONS|OTHERCONS|
|----|--|-----|----|-------|-------|----|-------|------|---------|
|i|12.770578145980835|Max|4369|0|288|3603|3049|554|0|
|i|1.0947468280792236|Max|12|0|4|4|0|4|0|
|i|2.084549903869629|Min|153|56|43|410|402|8|0|
|i|2.349699020385742|Min|259|224|0|370|298|72|0|
|i|2.2789080142974854|Max|447|141|0|449|448|1|0|
|i|2.0851869583129883|Min|204|175|0|284|242|42|0|
|i|2.266822099685669|Min|153|56|43|410|402|8|0|
|i|18.19379210472107|Min|57|56|0|43|42|1|0|
|i|2.9464240074157715|Min|5|0|4|174|8|166|0|
|i|1.6347401142120361|Min|26|10|0|76|66|10|0|
|i|13.200981855392456|Max|4081|0|288|3303|2701|602|0|
|i|2.5077550411224365|Min|267|110|44|598|556|42|0|
|i|10.920088052749634|Max|2053|570|15|7790|7673|117|0|
|i|2.501039981842041|Min|245|124|0|283|42|241|0|
|i|2.3498780727386475|Min|259|224|0|370|298|72|0|
|i|11.203103065490723|Max|2929|0|288|2103|1501|602|0|
|i|2.3500659465789795|Min|125|64|0|283|42|241|0|
|i|13.786884069442749|Max|4323|0|288|3651|2497|1154|0|
|i|1.6979601383209229|Min|83|80|0|77|71|6|0|
|i|2.3868329524993896|Min|262|224|0|389|293|96|0|
|i|2.4726028442382812|Min|259|224|0|370|298|72|0|
|i|1.7844901084899902|Max|166|39|0|172|133|39|0|
|i|1.7814860343933105|Min|26|10|0|76|66|10|0|
|i|2.346219062805176|Min|308|273|0|402|346|56|0|
|i|2.3833670616149902|Min|250|215|0|334|259|75|0|
|i|11.290177822113037|Max|2929|0|288|2103|1501|602|0|
|i|1.5594711303710938|Max|5|0|4|22|8|14|0|
|i|1.5131840705871582|Min|11|0|10|11|1|10|0|
|i|1.4604079723358154|Min|11|0|10|11|1|10|0|
|i|2.160498857498169|Max|447|141|0|449|448|1|0|
|i|1.5402650833129883|Min|11|0|10|11|1|10|0|
|i|1.4504508972167969|Min|6|0|5|6|1|5|0|
|i|1.5488560199737549|Max|11|0|4|22|8|14|0|
|i|1.7374379634857178|Min|26|10|0|76|66|10|0|
|i|2.078230142593384|Max|275|39|0|327|284|43|0|
|i|2.0875840187072754|Max|275|39|0|333|290|43|0|
|i|1.2390639781951904|Min|5|0|4|16|0|16|0|
|i|3.186959981918335|Min|5|0|4|174|8|166|0|
|i|2.000932216644287|Max|205|50|0|293|292|1|0|
|i|2.5932509899139404|Min|415|396|0|510|312|198|0|
|i|1.7966108322143555|Min|83|80|0|77|71|6|0|
|i|2.4417190551757812|Max|402|15|0|517|501|16|0|
|i|1.2996931076049805|Min|5|0|4|24|0|24|0|
|i|1.612617015838623|Min|46|8|0|47|39|8|0|
|i|2.4178671836853027|Min|262|224|0|389|293|96|0|
|i|2.6462790966033936|Min|381|340|0|528|438|90|0|
|i|1.0756700038909912|Min|3|0|1|3|0|3|0|
|i|13.404062986373901|Max|4081|0|288|3303|2701|602|0|
|i|1.5989668369293213|Max|5|0|4|22|8|14|0|
|i|1.64308500289917|Max|73|22|0|74|72|2|0|
|i|2.412079095840454|Min|250|215|0|334|259|75|0|
|i|1.7577040195465088|Max|196|182|0|65|53|12|0|
|i|28.23711395263672|Min|1834|1833|0|2042|1951|91|0|
|i|13.60161304473877|Max|4323|0|288|3651|2497|1154|0|
|i|28.02277898788452|Min|1834|1833|0|2042|1951|91|0|
|i|1.9211158752441406|Max|271|85|0|273|272|1|0|
|i|12.90527081489563|Max|4369|0|288|3603|3049|554|0|
|i|1.674320936203003|Min|26|10|0|76|66|10|0|
|i|11.445616006851196|Max|2929|0|288|2103|1501|602|0|
|i|28.0056471824646|Min|1834|1833|0|2042|1951|91|0|
|i|1.1854770183563232|Max|12|0|4|4|0|4|0|
|i|1.618021011352539|Min|33|0|1|31|16|15|0|
|i|2.3242719173431396|Min|250|215|0|334|259|75|0|
|i|1.5511457920074463|Max|11|0|4|22|8|14|0|
|i|2.1813840866088867|Min|207|175|0|303|240|63|0|
|i|1.6289291381835938|Max|5|0|4|16|8|8|0|
|i|28.26957893371582|Min|1834|1833|0|2042|1951|91|0|
|i|13.059154987335205|Max|4081|0|288|3303|2701|602|0|
|i|1.9469008445739746|Max|271|85|0|273|272|1|0|
|i|1.7177438735961914|Max|73|22|0|74|72|2|0|
|i|1.6015610694885254|Min|13|6|0|29|3|26|0|
|i|3.2919788360595703|Min|474|163|0|924|676|248|0|
|i|1.6833579540252686|Min|83|80|0|77|71|6|0|
|i|2.451578140258789|Min|262|224|0|389|293|96|0|
|i|1.827923059463501|Min|166|32|133|167|135|32|0|
|i|2.5974888801574707|Min|317|279|0|445|364|81|0|
|i|13.738578081130981|Max|4323|0|288|3651|2497|1154|0|
|i|1.921586036682129|Max|271|85|0|273|272|1|0|
|i|2.402884006500244|Min|421|100|300|441|340|101|0|
|i|13.68041205406189|Max|4322|0|288|3651|2497|1154|0|
|i|2.474189043045044|Min|125|64|0|283|42|241|0|
|i|2.193964958190918|Max|275|39|0|330|287|43|0|
|i|1.9319889545440674|Min|166|32|133|167|135|32|0|
|i|1.841845989227295|Min|166|32|133|167|135|32|0|
|i|1.4862689971923828|Max|5|0|4|16|8|8|0|
|i|2.428889036178589|Min|580|2|0|435|290|145|0|
|i|1.4946398735046387|Min|51|2|0|38|25|13|0|
|i|1.4866831302642822|Min|51|2|0|38|25|13|0|
|i|2.3937370777130127|Min|250|215|0|334|259|75|0|
|i|2.4108760356903076|Min|421|100|300|441|340|101|0|
|i|2.291239023208618|Min|577|144|0|361|288|73|0|
|i|11.51813793182373|Max|2929|0|288|2103|1501|602|0|
|i|2.3246378898620605|Min|577|144|0|361|288|73|0|
|i|1.600795030593872|Min|26|10|0|76|66|10|0|
|i|1.061811923980713|Min|3|0|1|3|0|3|0|
|i|2.139396905899048|Min|204|175|0|284|242|42|0|
|i|2.3657948970794678|Min|125|64|0|283|42|241|0|
|i|13.647622108459473|Max|4323|0|288|3651|2497|1154|0|
|i|2.4259440898895264|Min|577|144|0|361|288|73|0|
|i|2.370573043823242|Min|259|224|0|370|298|72|0|
|i|8.748221158981323|Min|3691|900|2700|3751|2820|931|0|
|i|1.9359691143035889|Max|271|85|0|273|272|1|0|
|i|2.0470221042633057|Max|275|39|0|333|290|43|0|
|i|1.4776270389556885|Min|62|12|0|44|31|13|0|
|i|1.579380989074707|Max|5|0|4|16|8|8|0|
|i|2.51861310005188|Max|667|211|0|669|668|1|0|
|i|1.602013111114502|Min|62|12|0|44|31|13|0|
|i|1.5294160842895508|Min|61|12|0|43|30|13|0|
|i|1.547349214553833|Max|11|0|4|22|8|14|0|
|i|6.653761863708496|Min|2925|1|0|2232|660|1572|0|
|i|4.443356037139893|Min|277|114|0|2407|2191|216|0|
|i|2.406675100326538|Min|314|279|0|426|372|54|0|
|i|8.700506210327148|Min|3691|900|2700|3751|2820|931|0|
|i|2.481050968170166|Min|125|64|0|283|42|241|0|
|i|1.5781691074371338|Max|11|0|4|22|8|14|0|
|i|1.060148000717163|Min|3|0|1|3|0|3|0|
|i|1.6196730136871338|Max|17|4|4|27|26|1|0|
|i|1.6174781322479248|Min|26|10|0|76|66|10|0|
|i|1.5372869968414307|Max|11|0|4|22|8|14|0|
|i|13.484436988830566|Max|4323|0|288|3559|2405|1154|0|
|i|1.5434000492095947|Max|11|0|4|22|8|14|0|
|i|1.6930639743804932|Max|11|0|4|22|8|14|0|
|i|2.096902847290039|Max|275|39|0|333|290|43|0|
|i|1.5584909915924072|Max|11|0|4|22|8|14|0|
|i|1.7463688850402832|Min|39|36|0|132|111|21|0|
|i|2.5111448764801025|Min|317|279|0|445|364|81|0|
|i|2.0593979358673096|Min|198|169|0|260|216|44|0|
|i|1.5836760997772217|Max|11|0|4|22|8|14|0|
|i|2.036823034286499|Min|91|0|90|181|1|180|0|
|i|13.21260690689087|Max|4081|0|288|3303|2701|602|0|
|i|1.615548849105835|Min|25|12|12|44|38|6|0|
|i|1.1016840934753418|Min|3|0|1|3|0|3|0|
|i|1.9415769577026367|Min|97|38|0|289|251|38|0|
|i|2.403754949569702|Min|308|270|0|409|325|84|0|
|i|2.3542659282684326|Min|259|224|0|370|298|72|0|
|i|2.126991033554077|Min|283|12|0|408|407|1|0|
|i|1.0822780132293701|Max|12|0|4|4|0|4|0|
|i|1.9350521564483643|Min|271|85|0|320|319|1|0|
|i|1.7492330074310303|Min|52|20|0|154|134|20|0|
|i|1.6977300643920898|Min|83|80|0|78|72|6|0|
|i|3.9296391010284424|Min|1027|514|0|1095|1062|33|0|
|i|2.1169869899749756|Max|275|39|0|333|290|43|0|
|i|1.722728967666626|Min|95|0|35|130|95|35|0|
|i|2.044620990753174|Min|198|169|0|260|216|44|0|
|i|2.162081003189087|Min|204|175|0|284|242|42|0|
|i|1.0956010818481445|Min|3|0|1|3|0|3|0|
|i|1.5916099548339844|Max|11|0|4|22|8|14|0|
|i|4.696418046951294|Max|1818|270|0|2184|1910|274|0|
|i|2.14618182182312|Max|447|141|0|449|448|1|0|
|i|1.5901968479156494|Max|11|0|4|22|8|14|0|
|i|2.0358781814575195|Max|271|85|0|273|272|1|0|
|i|1.6753380298614502|Min|26|10|0|76|66|10|0|
|i|6.00068211555481|Min|865|648|0|1960|1959|1|0|
|i|1.5469989776611328|Min|13|2|0|9|7|2|0|
|i|1.5683658123016357|Max|11|0|4|22|8|14|0|
|i|1.6227128505706787|Min|26|10|0|76|66|10|0|
|i|2.047835111618042|Min|198|169|0|260|216|44|0|
|i|1.4948539733886719|Min|19|11|1|59|37|22|0|
|i|1.752357006072998|Min|26|10|0|86|66|20|0|
|i|1.6799728870391846|Min|27|10|0|79|69|10|0|
|i|1.620309829711914|Min|27|10|0|89|69|20|0|
|i|2.0352139472961426|Min|198|169|0|260|216|44|0|
|i|1.6679790019989014|Min|27|10|0|89|69|20|0|
|i|4.894917011260986|Min|1308|44|0|1659|1285|374|0|
|i|3.939265012741089|Min|1029|514|0|1097|1063|34|0|
|i|2.0992019176483154|Max|275|39|0|333|290|43|0|
|i|2.2765910625457764|Min|207|175|0|303|240|63|0|
|i|1.9657080173492432|Max|271|85|0|273|272|1|0|
|i|2.589332103729248|Min|317|279|0|445|364|81|0|
|i|1.567816972732544|Min|17|0|6|11|7|4|0|
|i|2.3438730239868164|Min|250|218|0|327|277|50|0|
|i|1.7093560695648193|Min|27|10|0|89|69|20|0|
|i|1.687587022781372|Min|26|10|0|86|66|20|0|
|i|1.9242241382598877|Min|96|50|0|171|146|25|0|
|i|2.006632089614868|Max|271|85|0|273|272|1|0|
|i|1.9096410274505615|Max|271|85|0|273|272|1|0|
|i|8.71061897277832|Min|3691|900|2700|3751|2820|931|0|
|i|2.069175958633423|Min|204|175|0|284|242|42|0|
|i|3.0112831592559814|Min|774|156|400|992|908|84|0|
|i|2.011786937713623|Min|240|222|0|137|129|8|0|
|i|1.668853998184204|Max|85|12|0|61|46|15|0|
|i|2.5522191524505615|Min|372|331|0|492|399|93|0|
|i|2.0320870876312256|Max|271|85|0|273|272|1|0|
|i|1.6729099750518799|Min|17|0|6|11|7|4|0|
|i|1.6434710025787354|Max|85|12|0|61|46|15|0|
|i|2.0987839698791504|Min|204|175|0|284|242|42|0|
|i|1.1961629390716553|Min|7|0|6|7|0|7|0|
|i|8.582757949829102|Min|3691|900|2700|3751|2820|931|0|
|i|13.12873911857605|Max|4081|0|288|3303|2701|602|0|
|i|24.294533014297485|Min|2771|1352|0|3193|2959|234|0|
|i|1.6782619953155518|Max|85|12|0|61|46|15|0|
|i|1.6334080696105957|Max|85|12|0|61|46|15|0|
|i|1.7922110557556152|Max|85|12|0|97|82|15|0|
|i|2.0971920490264893|Max|275|39|0|327|284|43|0|
|i|2.422173023223877|Min|250|215|0|334|259|75|0|
|i|2.1559040546417236|Min|91|0|90|181|1|180|0|
|i|1.5687191486358643|Max|11|0|4|22|8|14|0|
|i|2.3243770599365234|Min|250|215|0|334|259|75|0|
|i|4.2616260051727295|Min|1641|0|420|1681|1280|401|0|
|i|1.633795976638794|Min|39|4|10|37|36|1|0|
|i|2.7834651470184326|Max|526|300|0|898|798|100|0|
|i|2.3070921897888184|Min|250|215|0|334|259|75|0|
|i|4.321854114532471|Max|687|190|15|2594|2557|37|0|
|i|2.297286033630371|Min|250|215|0|334|259|75|0|
|i|5.326726913452148|Min|1005|624|0|2195|1707|488|0|
|i|2.29885196685791|Max|447|141|0|449|448|1|0|
|i|2.280061960220337|Min|250|215|0|334|259|75|0|
|i|1.7211508750915527|Max|166|39|0|172|133|39|0|
|i|2.083976984024048|Max|275|39|0|333|290|43|0|
|i|8.531505823135376|Min|3691|900|2700|3751|2820|931|0|
|i|2.296437978744507|Min|250|215|0|334|259|75|0|
|i|2.4928178787231445|Min|250|212|0|341|241|100|0|
|i|16.098869800567627|Max|1723|570|15|9448|7497|1951|0|
|i|1.8535029888153076|Min|95|0|35|130|95|35|0|
|i|5.989108085632324|Min|865|648|0|1960|1959|1|0|
|i|2.0979039669036865|Min|187|158|0|272|230|42|0|
|i|2.19207501411438|Min|187|158|0|272|230|42|0|
|i|1.8445098400115967|Min|95|0|35|130|95|35|0|
|i|4.2859179973602295|Max|684|190|15|2590|2553|37|0|
|i|15.404278993606567|Max|4081|0|288|4467|2763|1704|0|
|i|13.044692993164062|Max|4369|0|288|3603|3049|554|0|
|i|1.9363148212432861|Max|271|85|0|273|272|1|0|
|i|13.679842948913574|Max|4322|0|288|3651|2497|1154|0|
|i|2.10144305229187|Min|91|0|90|181|1|180|0|
|i|2.3863890171051025|Min|125|64|0|283|42|241|0|
|i|2.7009170055389404|Min|361|72|0|577|417|160|0|
|i|1.1131088733673096|Min|3|0|2|8|0|8|0|
|i|1.947195053100586|Min|271|85|0|320|319|1|0|
|i|1.8740730285644531|Min|73|53|0|38|30|8|0|
|i|1.9055500030517578|Min|250|193|4|104|103|1|0|
|i|11.481068134307861|Max|2929|0|288|2103|1501|602|0|
|i|1.644016981124878|Max|12|0|4|4|1|3|0|
|i|1.5401051044464111|Min|17|0|6|11|7|4|0|
|i|2.476240873336792|Min|259|224|0|370|298|72|0|
|i|2.7113230228424072|Min|454|0|183|637|454|183|0|
|i|2.017462968826294|Max|275|39|0|327|284|43|0|
|i|15.213827133178711|Max|4081|0|288|3315|2437|878|0|
|i|19.75709104537964|Min|882|428|0|5296|1282|4014|0|
|i|1.7961349487304688|Min|56|25|0|166|141|25|0|
|i|1.7530639171600342|Min|91|0|90|96|6|90|0|
|i|4.369823932647705|Max|693|190|15|2590|2553|37|0|
|i|1.1025581359863281|Min|7|0|6|7|0|7|0|
|i|2.771794080734253|Min|454|0|183|637|454|183|0|
|i|1.498816967010498|Min|13|4|0|21|7|14|0|
|i|6.24257493019104|Min|866|648|0|1984|1959|25|0|
|i|50.1753511428833|Min|30541|10540|0|822|640|182|0|
|i|2.7073779106140137|Min|290|203|0|589|456|133|0|
|i|2.2284271717071533|Min|256|224|0|351|303|48|0|
|i|1.0991830825805664|Min|7|0|6|7|0|7|0|
|i|1.5883309841156006|Min|31|0|1|29|14|15|0|
|i|1.6088650226593018|Min|17|6|0|55|43|12|0|
|i|2.6862499713897705|Min|283|196|0|542|409|133|0|
|i|2.249344825744629|Min|256|224|0|351|303|48|0|
|i|4.34394383430481|Max|693|190|15|2590|2553|37|0|
|i|1.7934529781341553|Min|39|36|0|130|109|21|0|
|i|2.7222540378570557|Min|361|72|36|577|417|160|0|
|i|2.1038150787353516|Min|91|0|90|181|1|180|0|
|i|2.7444519996643066|Min|454|0|183|637|454|183|0|
|i|1.106462001800537|Min|3|0|2|8|0|8|0|
|i|1.9104928970336914|Min|146|143|0|230|229|1|0|
|i|2.796072006225586|Min|454|0|183|637|454|183|0|
|i|34.78829288482666|Min|361|336|0|8634|573|8061|0|
|i|2.90950608253479|Min|361|72|36|577|361|216|0|
|i|2.21807599067688|Min|250|218|0|327|277|50|0|
|i|1.6261839866638184|Min|10|9|0|4|2|2|0|
|i|13.011193037033081|Max|4369|0|288|3603|3049|554|0|
|i|12.914974927902222|Max|4369|0|288|3603|3049|554|0|
|i|2.3333160877227783|Min|313|240|0|271|31|240|0|
|i|4.424278974533081|Max|693|190|15|2590|2553|37|0|
|i|2.3964431285858154|Min|265|240|0|481|241|240|0|
|i|12.642755031585693|Min|512|58|0|5295|1251|4044|0|
|i|3.914991855621338|Min|1344|383|0|2015|1919|96|0|
|i|4.208103895187378|Max|671|190|4|2377|2340|37|0|
|i|3.6629769802093506|Min|701|650|0|1301|651|650|0|
|i|2.492943048477173|Min|308|270|0|409|325|84|0|
|i|13.22621488571167|Max|4081|0|288|3303|2701|602|0|
|i|13.13195514678955|Max|4369|0|288|3603|3049|554|0|
|i|4.8164379596710205|Min|2073|1576|496|717|716|1|0|
|i|1.605515956878662|Max|73|22|0|86|84|2|0|
|i|1.6653709411621094|Min|17|0|6|11|7|4|0|
|i|13.163892030715942|Max|4081|0|288|3303|2701|602|0|
|i|1.5465400218963623|Max|5|2|0|11|1|10|0|
|i|13.650740146636963|Max|4323|0|288|3651|2497|1154|0|
|i|3.2379679679870605|Min|5|0|4|174|8|166|0|
|i|1.582974910736084|Min|17|6|0|49|43|6|0|
|i|1.6074929237365723|Min|17|0|6|11|7|4|0|
|i|1.8658928871154785|Min|73|53|0|38|30|8|0|
|i|2.265249013900757|Max|224|185|0|630|445|185|0|
|i|13.635148048400879|Max|4323|0|288|3651|2497|1154|0|
|i|1.532331943511963|Min|17|0|6|11|7|4|0|
|i|3.117711067199707|Min|551|500|0|951|501|450|0|
|i|1.2698359489440918|Min|5|0|4|24|0|24|0|
|i|1.605207920074463|Min|18|0|7|11|7|4|0|
|i|1.707746982574463|Min|37|16|0|25|21|4|0|
|i|1.7004611492156982|Min|17|0|6|11|7|4|0|
|i|13.325001955032349|Max|4081|0|288|3303|2701|602|0|
|i|1.6298940181732178|Min|26|10|0|76|66|10|0|
|i|2.605341911315918|Min|732|146|0|513|293|220|0|
|i|2.349186897277832|Min|308|273|0|402|346|56|0|
|i|1.5012900829315186|Max|13|6|0|29|3|26|0|
|i|1.5984508991241455|Min|17|0|6|11|7|4|0|
|i|2.495600938796997|Min|314|279|0|426|372|54|0|
|i|1.5871319770812988|Min|17|0|6|11|7|4|0|
|i|9.815711975097656|Min|623|206|0|3524|1268|2256|0|
|i|2.6011738777160645|Min|308|270|0|409|325|84|0|
|i|1.7037951946258545|Min|17|0|6|11|7|4|0|
|i|2.506070137023926|Min|259|224|0|370|298|72|0|
|i|1.719648838043213|Max|95|12|0|114|98|16|0|
|i|15.216487884521484|Max|4081|0|288|3315|2437|878|0|
|i|3.6516809463500977|Min|566|555|0|551|1|550|0|
|i|4.1110851764678955|Min|1641|400|1200|1681|1280|401|0|
|i|13.487673044204712|Max|4323|0|288|3559|2405|1154|0|
|i|2.4486331939697266|Min|262|224|0|389|293|96|0|
|i|11.179342985153198|Max|2929|0|288|2103|1501|602|0|
|i|49.44806504249573|Min|30541|10540|0|822|280|542|0|
|i|4.129143953323364|Min|1641|400|1200|1681|1280|401|0|
|i|2.4630401134490967|Min|308|273|0|402|346|56|0|
|i|4.30088996887207|Min|1641|400|1200|1681|1280|401|0|
|i|2.253504991531372|Max|224|185|0|594|409|185|0|
|i|2.9573769569396973|Min|5|0|4|174|8|166|0|
|i|1.6335389614105225|Min|26|10|0|76|66|10|0|
|i|4.128445148468018|Min|1641|400|1200|1681|1280|401|0|
|i|4.1977739334106445|Min|1641|400|1200|1681|1280|401|0|
|i|4.295788049697876|Min|1641|400|1200|1681|1280|401|0|
|i|1.563575029373169|Min|17|0|6|11|7|4|0|
|i|11.36483097076416|Max|2929|0|288|2103|1501|602|0|
|i|4.21671199798584|Min|1641|0|420|1681|1280|401|0|
|i|4.155318975448608|Min|1641|400|1200|1681|1280|401|0|
|i|4.147994041442871|Min|1641|400|1200|1681|1280|401|0|
|i|2.6509599685668945|Min|454|0|183|637|454|183|0|
|i|107.31758308410645|Min|60001|40000|0|21002|10460|10542|0|
|i|12.811048984527588|Max|4369|0|288|3603|3049|554|0|
|i|1.8789191246032715|Min|107|0|41|148|107|41|0|
|i|4.006556987762451|Min|1344|383|0|2015|1919|96|0|
|i|2.5127108097076416|Max|500|300|0|623|523|100|0|
|i|12.680483102798462|Max|4369|0|288|3603|3051|552|0|
|i|50.85984802246094|Min|30541|10540|0|822|640|182|0|
|i|17.80337381362915|Max|4369|0|288|3603|3049|554|0|
|i|15.154661893844604|Max|4081|0|288|3315|2437|878|0|
|i|13.044141054153442|Max|4369|0|288|3603|3049|554|0|
|i|1.5869710445404053|Min|17|0|6|11|7|4|0|
|i|12.799946069717407|Max|4369|0|288|3603|3049|554|0|
|i|12.866005897521973|Max|4369|0|288|3603|3049|554|0|
|i|12.899280071258545|Max|4369|0|288|3603|3049|554|0|
|i|1.6646180152893066|Max|53|26|0|45|16|29|0|
|i|1.7758660316467285|Min|112|109|0|146|135|11|0|
|i|2.0444209575653076|Max|275|39|0|333|290|43|0|
|i|13.690556049346924|Max|4322|0|288|3651|2497|1154|0|
|i|1.5905170440673828|Min|25|12|12|44|38|6|0|
|i|3.5295400619506836|Min|229|72|0|1227|1011|216|0|
|i|13.76940393447876|Max|4322|0|288|3651|2497|1154|0|
|i|13.689269781112671|Max|4322|0|288|3651|2497|1154|0|
|i|2.6943259239196777|Min|384|340|0|547|427|120|0|
|i|2.198057174682617|Min|198|169|0|260|216|44|0|
|i|12.980746984481812|Max|4369|0|288|3603|3049|554|0|
|i|13.845829963684082|Max|4322|0|288|3651|2497|1154|0|
|i|1109.0112249851227|Min|5016|5000|0|39|16|23|0|
|i|1.5437700748443604|Max|11|0|4|22|8|14|0|
|i|1.9132909774780273|Max|271|85|0|273|272|1|0|
|i|1.8981280326843262|Max|278|46|0|165|72|93|0|
|i|13.247189044952393|Max|4081|0|288|3303|2701|602|0|
|i|2.621522903442383|Max|667|211|0|669|668|1|0|
|i|1.5889270305633545|Max|5|0|4|22|8|14|0|
|i|1.56522798538208|Max|5|0|4|22|8|14|0|
|i|5.102555990219116|Min|1005|624|0|2195|1707|488|0|
|i|2.23323917388916|Min|204|175|0|284|242|42|0|
|i|1.6012070178985596|Min|37|0|15|52|37|15|0|
|i|2.04612398147583|Min|198|169|0|260|216|44|0|
|i|16.154786109924316|Max|8185|2976|0|8185|5953|2232|0|
|i|13.788220882415771|Max|4322|0|288|3651|2497|1154|0|
|i|1.581833839416504|Max|11|0|4|22|8|14|0|
|i|2.294138193130493|Max|447|141|0|449|448|1|0|
|i|2.342495918273926|Min|259|224|0|370|298|72|0|
|i|6.192927837371826|Min|1464|112|0|3786|3338|448|0|
|i|3.064540147781372|Max|1137|314|0|1138|1137|1|0|
|i|13.141124963760376|Max|4369|0|288|3603|3049|554|0|
|i|3.1162869930267334|Max|1137|314|0|1138|1137|1|0|
|i|3.0622220039367676|Max|1137|314|0|1139|1138|1|0|
|i|5.236488103866577|Min|1005|624|0|2195|1707|488|0|
|i|2.0438168048858643|Max|275|39|0|333|290|43|0|
|i|3.1667840480804443|Max|1145|314|0|1147|1146|1|0|
|i|3.1272828578948975|Max|1145|314|0|1147|1146|1|0|
|i|13.598479986190796|Max|4323|0|288|3651|2497|1154|0|
|i|1.5985620021820068|Min|26|10|0|76|66|10|0|
|i|3.0555641651153564|Max|1145|314|0|1147|1146|1|0|
|i|1.5754899978637695|Max|11|0|4|22|8|14|0|
|i|1.9230380058288574|Max|271|85|0|273|272|1|0|
|i|3.060914993286133|Max|1145|314|0|1155|1154|1|0|
|i|2.992117166519165|Max|1137|314|0|1139|1138|1|0|
|i|1.456223964691162|Min|11|0|10|3|2|1|0|
|i|1.6220760345458984|Min|31|0|1|29|14|15|0|
|i|2.5784430503845215|Min|317|279|0|445|364|81|0|
|i|2.1037120819091797|Min|198|169|0|260|216|44|0|
|i|2.1507740020751953|Max|447|141|0|449|448|1|0|
|i|1.6138279438018799|Min|26|10|0|76|66|10|0|
|i|5.153519153594971|Min|1005|624|0|2195|1707|488|0|
|i|3.081760883331299|Min|1185|330|0|1187|1186|1|0|
|i|40.55255699157715|Min|8369|160|0|23956|17680|6276|0|
|i|3.68314790725708|Min|1081|720|0|1362|1180|182|0|
|i|1.5340678691864014|Min|17|0|6|11|7|4|0|
|i|3.1164629459381104|Min|1168|322|0|1169|1153|16|0|
|i|3.212066888809204|Min|1168|322|0|1169|1153|16|0|
|i|3.143294095993042|Min|1168|322|0|1168|1152|16|0|
|i|2.365860939025879|Min|259|224|0|370|298|72|0|
|i|2.3319859504699707|Min|308|273|0|402|346|56|0|
|i|1.6810431480407715|Min|26|10|0|76|66|10|0|
|i|12.165807962417603|Max|3045|0|294|2193|1565|628|0|
|i|2.9995949268341064|Min|1153|306|0|1138|1121|17|0|
|i|7.716221809387207|Min|34|24|0|1324|196|1128|0|
|i|142.2811689376831|Min|55657|336|0|102330|101949|381|0|
|i|137.28910183906555|Min|55657|336|0|102330|101949|381|0|
|i|80.201975107193|Min|18793|336|0|50106|42045|8061|0|
|i|2.417222023010254|Min|150|110|1|519|299|220|0|
|i|1.3118081092834473|Min|21|0|0|40|0|40|0|
|i|1.2608301639556885|Min|21|0|0|40|0|40|0|
|i|3.006324052810669|Max|293|0|0|267|87|180|0|
|i|1.6017098426818848|Min|13|0|0|13|8|5|0|
|i|1.5096328258514404|Min|5|0|0|4|3|1|0|
|i|1.3966541290283203|Max|19|0|0|19|6|13|0|
|i|1.6170520782470703|Min|13|0|0|10|6|4|0|
|i|1.5642030239105225|Min|5|0|0|4|3|1|0|
|i|2.0606491565704346|Min|41|0|0|31|25|6|0|
|i|1.3436901569366455|Min|15|0|0|6|2|4|0|
|i|1.623373031616211|Min|13|0|0|13|8|5|0|
|i|1.651716947555542|Min|13|0|0|13|8|5|0|
|i|5.078016996383667|Min|41|0|0|31|25|6|0|
|i|1.689314842224121|Min|133|0|0|127|126|1|0|
|i|2.566032886505127|Max|181|0|0|569|568|1|0|
|i|2.4940080642700195|Min|13|0|0|10|5|5|0|
|i|3.3156628608703613|Min|3313|0|0|139|138|1|0|
|i|2.555058002471924|Min|13|0|0|13|8|5|0|
|i|1.6008210182189941|Min|37|0|15|52|37|15|0|
|i|344.80596899986267|Min|13|0|0|13|8|5|0|
|i|2.1157591342926025|Min|41|0|0|31|25|6|0|
|i|354.77338004112244|Min|13|0|0|13|8|5|0|
|i|68.69400095939636|Min|13|0|0|13|8|5|0|
|i|2.921416997909546|Min|2209|0|0|208|207|1|0|
|i|1.2939929962158203|Min|98|0|0|95|0|95|0|
|i|1.7069320678710938|Min|15|0|0|17|4|13|0|
|i|1.8185820579528809|Min|31|0|0|21|4|17|0|
|i|2.559612989425659|Max|181|0|0|569|568|1|0|
|i|1.379486083984375|Min|10|0|0|37|25|12|0|
|i|339.4426941871643|Min|13|0|0|10|5|5|0|
|i|1.675551176071167|Min|37|0|15|52|37|15|0|
|i|3.2378759384155273|Min|144|0|0|224|152|72|0|
|i|4.895448923110962|Min|41|0|0|21|15|6|0|
|i|1.4795660972595215|Min|11|0|0|3|2|1|0|
|i|1.493920087814331|Min|10|0|0|35|23|12|0|
|i|25.11345887184143|Max|4927|0|0|2455|2453|2|0|
|i|67.60970902442932|Min|13|0|0|13|8|5|0|
|i|3.209833860397339|Min|144|0|0|176|105|71|0|
|i|26.194414854049683|Min|5744|0|0|5743|1738|4005|0|
|i|1.465865135192871|Min|22|0|0|16|13|3|0|
|i|1.3260550498962402|Max|19|0|0|5|4|1|0|
|i|3.2212448120117188|Max|821|0|0|714|345|369|0|
|i|1.4241130352020264|Min|10|0|0|35|23|12|0|
|i|14.467512845993042|Max|3983|0|0|3205|2605|600|0|
|i|60.00813889503479|Min|9|0|0|9|2|7|0|
|i|2.603304862976074|Min|13|0|0|13|8|5|0|
|i|14.943377017974854|Max|3983|0|0|3205|2605|600|0|
|i|2.1895129680633545|Min|9|0|0|9|2|7|0|
|i|1.7715389728546143|Min|31|0|0|21|4|17|0|
|i|4.824015140533447|Min|3313|0|0|3382|3381|1|0|
|i|12.908195972442627|Max|4583|0|0|3805|3205|600|0|
|i|68.23929405212402|Min|13|0|0|10|5|5|0|
|i|12.592252969741821|Max|4583|0|0|3855|3255|600|0|
|i|3.683068037033081|Min|21|0|0|121|100|21|0|
|i|15.257507085800171|Max|3466|0|0|1737|1735|2|0|
|i|12.71637511253357|Max|4583|0|0|3805|3205|600|0|
|i|1.281630039215088|Min|21|0|0|40|0|40|0|
|i|1.0232510566711426|Min|5|0|0|3|0|3|0|
|i|1.4530029296875|Min|6|0|0|6|5|1|0|
|i|3.2108399868011475|Min|144|0|0|176|105|71|0|
|i|3.712066888809204|Min|21|0|0|121|100|21|0|
|i|4.841424942016602|Min|3313|0|0|3382|3381|1|0|
|i|3.1893539428710938|Min|144|0|0|176|105|71|0|
|i|4.748741865158081|Min|13|0|0|13|8|5|0|
|i|6.800673007965088|Min|21|0|0|121|100|21|0|
|i|2.45051908493042|Min|13|0|0|10|5|5|0|
|i|6.994488000869751|Min|21|0|0|121|100|21|0|
|i|1.3075568675994873|Min|21|0|0|40|0|40|0|
|i|1.395555019378662|Max|20|0|0|10|1|9|0|
|i|3.2115280628204346|Min|144|0|0|170|99|71|0|
|i|15.105844974517822|Max|3466|0|0|1737|1735|2|0|
|i|1.6637520790100098|Min|37|0|15|52|37|15|0|
|i|1.449908971786499|Min|21|0|0|13|3|10|0|
|i|14.546607971191406|Max|3933|0|0|3205|2653|552|0|
|i|32.78191304206848|Min|3520|0|0|16360|16359|1|0|
|i|9.844596862792969|Max|3529|0|0|2477|1877|600|0|
|i|3.159332036972046|Min|144|0|0|176|105|71|0|
|i|1.2604949474334717|Min|21|0|0|40|0|40|0|
|i|3.212491035461426|Min|144|0|0|176|105|71|0|
|i|4.9072020053863525|Min|13|0|0|13|8|5|0|
|i|1.4723408222198486|Min|10|0|0|35|23|12|0|
|i|5.231528043746948|Min|41|0|0|21|15|6|0|
|i|1.3276550769805908|Min|6|0|0|7|2|5|0|
|i|1.402972936630249|Max|31|0|0|33|18|15|0|
|i|1.2456681728363037|Min|21|0|0|40|0|40|0|
|i|12.748693943023682|Max|3793|0|0|3303|2701|602|0|
|i|1.215540885925293|Min|21|0|0|40|0|40|0|
|i|2.1776020526885986|Min|46|0|0|196|71|125|0|
|i|2.9769229888916016|Min|2209|0|0|208|207|1|0|
|i|15.19675087928772|Max|3466|0|0|1737|1735|2|0|
|i|1.7098641395568848|Min|32|0|0|60|1|59|0|
|i|5.079864978790283|Min|3313|0|0|3520|3519|1|0|
|i|3.209233045578003|Min|144|0|0|176|105|71|0|
|i|4.7804811000823975|Min|3313|0|0|3382|3381|1|0|
|i|1.327666997909546|Min|6|0|0|7|2|5|0|
|i|1.23471999168396|Min|21|0|0|40|0|40|0|
|i|1.533668041229248|Min|21|0|0|11|10|1|0|
|i|14.646202087402344|Max|3933|0|0|3205|2653|552|0|
|i|12.928219079971313|Max|3793|0|0|3303|2701|602|0|
|i|5.0365071296691895|Min|41|0|0|31|25|6|0|
|i|8.852242946624756|Max|3215|0|0|2189|1589|600|0|
|i|8.938333988189697|Max|3215|0|0|2189|1589|600|0|
|i|9.035513162612915|Max|3167|0|0|2189|1589|600|0|
|i|7.880305051803589|Max|2615|0|0|1889|1289|600|0|
|i|3.019893169403076|Max|2209|0|0|208|207|1|0|
|i|25.437260150909424|Max|4927|0|0|2455|2453|2|0|
|i|8.127389907836914|Max|2615|0|0|1889|1289|600|0|
|i|3.1395020484924316|Min|144|0|0|176|105|71|0|
|i|1.6150329113006592|Max|55|0|0|82|35|47|0|
|i|8.985818147659302|Max|3167|0|0|2189|1589|600|0|
|i|1.515773057937622|Min|11|0|0|10|6|4|0|
|i|12.886108875274658|Max|3793|0|0|3303|2701|602|0|
|i|1.4843149185180664|Min|6|0|0|7|2|5|0|
|i|12.87554407119751|Max|4583|0|0|3805|3205|600|0|
|i|9.029006004333496|Max|3215|0|0|2189|1589|600|0|
|i|8.093575954437256|Max|2951|0|0|1889|1289|600|0|
|i|2.9272611141204834|Min|2209|0|0|208|207|1|0|
|i|1.5573179721832275|Min|6|0|0|7|2|5|0|
|i|2.3870439529418945|Max|452|0|0|713|534|179|0|
|i|1.398010015487671|Max|31|0|0|33|18|15|0|
|i|15.173593997955322|Max|3466|0|0|1737|1735|2|0|
|i|16.501203060150146|Max|3983|0|0|4455|3855|600|0|
|i|16.432321071624756|Max|4583|0|0|3855|2655|1200|0|
|i|8.841253995895386|Max|3167|0|0|2189|1589|600|0|
|i|1.4485299587249756|Max|19|0|0|19|6|13|0|
|i|25.268150806427002|Max|4927|0|0|2455|2453|2|0|
|i|25.314587116241455|Max|4927|0|0|2455|2453|2|0|
|i|15.131542921066284|Max|3466|0|0|1737|1735|2|0|
|i|1.5139179229736328|Min|10|0|0|7|4|3|0|
|i|2.139585018157959|Min|317|0|0|413|317|96|0|
|i|39.53733491897583|Max|11951|0|0|12401|3300|9101|0|
|i|1.4474148750305176|Min|5|0|0|8|7|1|0|
|i|3.2761788368225098|Min|501|0|0|748|498|250|0|
|i|1.6397411823272705|Min|56|0|0|82|6|76|0|
|i|76.43222999572754|Min|13|0|0|10|5|5|0|
|i|40.12054395675659|Max|6416|0|0|3222|3220|2|0|
|i|9.813575029373169|Max|3241|0|0|2477|1877|600|0|
|i|20.529994010925293|Min|461|0|0|936|8|928|0|
|i|1.3339550495147705|Min|9|0|0|7|4|3|0|
|i|1.4530370235443115|Min|15|0|0|8|1|7|0|
|i|1.5333020687103271|Min|21|0|0|32|31|1|0|
|i|1.627366065979004|Min|12|0|0|23|8|15|0|
|i|16.53241801261902|Max|4583|0|0|3855|2655|1200|0|
|i|1.569732904434204|Min|10|0|0|7|4|3|0|
|i|12.787113189697266|Min|41|0|0|21|15|6|0|
|i|3.724976062774658|Min|1266|0|0|552|497|55|0|
|i|1.4759900569915771|Min|6|0|0|5|2|3|0|
|i|1.2112760543823242|Min|21|0|0|40|0|40|0|
|i|9.091624021530151|Max|3167|0|0|2189|1589|600|0|
|i|4.910506963729858|Min|3313|0|0|3451|3450|1|0|
|i|1.4119439125061035|Max|25|0|0|40|17|23|0|
|i|1.352480173110962|Min|19|0|0|7|6|1|0|
|i|1.5200159549713135|Min|7|0|0|6|5|1|0|
|i|12.585938930511475|Min|41|0|0|31|25|6|0|
|i|12.774493932723999|Min|41|0|0|31|25|6|0|
|i|1.3958969116210938|Min|10|0|0|35|23|12|0|
|i|9.458838939666748|Max|2929|0|0|2391|2103|288|0|
|i|1.6139869689941406|Min|13|0|0|10|7|3|0|
|i|1.2086598873138428|Min|21|0|0|40|0|40|0|
|i|1.6067781448364258|Min|15|0|0|17|8|9|0|
|i|1.5092430114746094|Min|7|0|0|5|2|3|0|
|i|1.530332088470459|Min|13|0|0|13|10|3|0|
|i|1.5571589469909668|Min|13|0|0|13|9|4|0|
|i|1.6659259796142578|Min|13|0|0|10|6|4|0|
|i|4.871519088745117|Min|3313|0|0|3451|3450|1|0|
|i|1.573477029800415|Min|13|0|0|10|6|4|0|
|i|3.2540998458862305|Min|144|0|0|224|152|72|0|
|i|1.5400950908660889|Min|13|0|0|13|9|4|0|
|i|15.185579061508179|Max|3466|0|0|1737|1735|2|0|
|i|2.6141469478607178|Min|13|0|0|119|4|115|0|
|i|2.5470428466796875|Min|17|0|0|218|64|154|0|
|i|1.5381579399108887|Max|11|0|4|22|8|14|0|
|i|1.547199010848999|Max|11|0|4|22|8|14|0|
|i|1.5613040924072266|Max|11|0|4|22|8|14|0|
|i|1.6548089981079102|Max|11|0|4|22|8|14|0|
|i|1.5826339721679688|Max|11|0|4|22|8|14|0|
|i|1.5412399768829346|Max|11|0|4|22|8|14|0|
|i|1.5594100952148438|Max|11|0|4|22|8|14|0|
|i|15.108783960342407|Max|4081|0|288|3315|2437|878|0|
|i|1.6041560173034668|Max|11|0|4|22|8|14|0|
|i|1.6491038799285889|Min|12|0|4|23|8|15|0|
|i|15.093971014022827|Max|4081|0|288|3315|2437|878|0|
|i|12.885865926742554|Max|4369|0|288|3603|3049|554|0|
|i|13.01890516281128|Max|4369|0|288|3603|3049|554|0|
