1513
|NAME|LT|SENSE|VARS|BINVARS|INTVARS|CONS|LINCONS|NLCONS|OTHERCONS|
|----|--|-----|----|-------|-------|----|-------|------|---------|
|i|1.9079360961914062|Min|150|48|0|99|65|34|0|
|i|1.5293400287628174|Min|31|0|0|15|14|1|0|
|i|1.447234869003296|Min|9|4|0|8|7|1|0|
|i|1.4949088096618652|Min|15|0|0|8|1|7|0|
|i|1.5370409488677979|Max|11|0|0|12|5|7|0|
|i|2.6478679180145264|Min|1031|0|0|514|513|1|0|
|i|5.074200868606567|Min|2457|0|0|1977|1064|913|0|
|i|18.586846113204956|Min|2283|0|0|2583|753|1830|0|
|i|8.519981145858765|Min|2091|0|0|2082|1041|1041|0|
|i|40.26308512687683|Min|2371|0|0|5153|2800|2353|0|
|i|18.32858896255493|Min|5073|0|0|5021|1510|3511|0|
|i|14.927050113677979|Min|7715|0|0|6708|6516|192|0|
|i|7.839511156082153|Min|4145|0|0|3428|3331|97|0|
|i|35.152812004089355|Min|19315|0|0|17431|17144|287|0|
|i|35.372637033462524|Min|19315|0|0|17575|17288|287|0|
|i|35.546119928359985|Min|19315|0|0|17431|17144|287|0|
|i|35.3350670337677|Min|19306|0|0|17526|17239|287|0|
|i|6.075191974639893|Min|2094|0|0|1497|485|1012|0|
|i|19.490678071975708|Min|5048|0|0|2947|959|1988|0|
|i|16.013221979141235|Min|4333|0|0|2573|688|1885|0|
|i|105.25112795829773|Min|9805|0|0|10|9|1|0|
|i|7.049510955810547|Min|511|0|0|3|2|1|0|
|i|27.917118072509766|Min|1263|0|0|3|2|1|0|
|i|133.12245392799377|Min|3188|0|0|3|2|1|0|
|i|375.1094419956207|Min|4153|0|0|3|2|1|0|
|i|36.296010971069336|Min|8677|0|0|26759|19687|7072|0|
|i|1.1086721420288086|Min|21|20|0|1|0|1|0|
|i|1.4550769329071045|Min|21|20|0|1|0|1|0|
|i|8.401748895645142|Min|21|20|0|1|0|1|0|
|i|34.52125811576843|Min|21|20|0|1|0|1|0|
|i|1.1315219402313232|Min|26|25|0|1|0|1|0|
|i|2.5757319927215576|Min|26|25|0|1|0|1|0|
|i|53.208073139190674|Min|26|25|0|1|0|1|0|
|i|199.3173258304596|Min|26|25|0|1|0|1|0|
|i|363.5708291530609|Min|26|25|0|1|0|1|0|
|i|1.5033800601959229|Min|31|30|0|1|0|1|0|
|i|9.598212003707886|Min|31|30|0|1|0|1|0|
|i|174.40583896636963|Min|31|30|0|1|0|1|0|
|i|1.651381015777588|Min|36|35|0|1|0|1|0|
|i|24.905640125274658|Min|36|35|0|1|0|1|0|
|i|2.70074200630188|Min|41|40|0|1|0|1|0|
|i|75.54049587249756|Min|41|40|0|1|0|1|0|
|i|3.1191670894622803|Min|46|45|0|1|0|1|0|
|i|185.15582013130188|Min|46|45|0|1|0|1|0|
|i|7.6415979862213135|Min|51|50|0|1|0|1|0|
|i|9.474101066589355|Min|56|55|0|1|0|1|0|
|i|65.10005807876587|Min|61|60|0|1|0|1|0|
|i|1.4807748794555664|Min|11|0|10|2|1|1|0|
|i|1.5205211639404297|Min|31|0|30|2|1|1|0|
|i|1.4634041786193848|Min|11|0|10|2|1|1|0|
|i|1.4860529899597168|Min|21|0|20|2|1|1|0|
|i|1.5113699436187744|Min|31|0|30|2|1|1|0|
|i|1.5503201484680176|Min|11|0|10|2|1|1|0|
|i|1.6197221279144287|Min|21|0|20|2|1|1|0|
|i|1.7068800926208496|Min|31|0|30|2|1|1|0|
|i|1.7303869724273682|Min|47|24|0|74|72|2|0|
|i|1.9330220222473145|Min|101|60|0|218|216|2|0|
|i|1.9654419422149658|Min|77|36|0|206|108|98|0|
|i|1.5640270709991455|Min|20|9|0|20|18|2|0|
|i|2.8295719623565674|Min|279|129|0|1020|1018|2|0|
|i|3.297585964202881|Min|407|203|0|1512|1510|2|0|
|i|3.525777816772461|Min|446|203|0|1782|1780|2|0|
|i|4.0420849323272705|Min|559|251|0|2328|2326|2|0|
|i|1.6488118171691895|Min|35|12|0|68|36|32|0|
|i|1.8994410037994385|Min|87|0|0|78|23|55|0|
|i|1.910979986190796|Min|87|0|0|78|23|55|0|
|i|1.9306819438934326|Min|87|0|0|78|23|55|0|
|i|1.7822480201721191|Min|87|0|0|78|23|55|0|
|i|1.7468841075897217|Max|91|6|0|104|74|30|0|
|i|1.8222670555114746|Max|119|7|0|135|88|47|0|
|i|1.943943977355957|Max|135|8|0|154|98|56|0|
|i|2.3240528106689453|Max|169|9|0|191|112|79|0|
|i|1.5518019199371338|Min|14|0|0|13|4|9|0|
|i|1.8058459758758545|Min|158|52|0|115|68|47|0|
|i|1.8490190505981445|Max|103|36|0|214|202|12|0|
|i|2.390700101852417|Max|223|87|0|625|601|24|0|
|i|2.798948049545288|Max|313|124|0|885|853|32|0|
|i|2.6612181663513184|Max|273|104|0|737|705|32|0|
|i|2.386085033416748|Max|223|87|0|607|583|24|0|
|i|2.575662136077881|Max|223|87|0|628|604|24|0|
|i|2.666898012161255|Max|305|120|0|861|829|32|0|
|i|2.160425901412964|Min|136|0|0|94|8|86|0|
|i|1.9827170372009277|Min|200|0|0|201|100|101|0|
|i|2.5655019283294678|Min|400|0|0|401|200|201|0|
|i|3.604854106903076|Min|800|0|0|801|400|401|0|
|i|6.3225319385528564|Min|1600|0|0|1601|800|801|0|
|i|3.222862958908081|Min|51|50|0|2|1|1|0|
|i|3.2413740158081055|Min|51|50|0|2|1|1|0|
|i|2.749595880508423|Min|329|200|56|688|624|64|0|
|i|3.0056819915771484|Min|361|216|72|894|826|68|0|
|i|2.6658968925476074|Min|501|40|0|518|300|218|0|
|i|5.567589044570923|Max|1557|50|0|1266|565|701|0|
|i|2.6001360416412354|Min|304|0|0|201|1|200|0|
|i|3.5011520385742188|Min|604|0|0|401|1|400|0|
|i|5.615742921829224|Min|1204|0|0|801|1|800|0|
|i|9.924971103668213|Min|2404|0|0|1601|1|1600|0|
|i|3.0642361640930176|Min|841|180|0|899|719|180|0|
|i|2.128261089324951|Min|317|0|0|166|124|42|0|
|i|2.1059350967407227|Min|203|0|0|102|100|2|0|
|i|2.7546591758728027|Min|403|0|0|202|200|2|0|
|i|4.40938401222229|Min|803|0|0|402|400|2|0|
|i|1.76096510887146|Min|103|0|0|52|50|2|0|
|i|1.5871210098266602|Min|63|0|0|42|20|22|0|
|i|1.4845430850982666|Min|5|0|0|4|3|1|0|
|i|1.358407974243164|Min|12|0|0|5|4|1|0|
|i|1.5549230575561523|Min|44|0|0|39|16|23|0|
|i|6.271159887313843|Min|2249|45|0|2517|2027|490|0|
|i|4.798002004623413|Min|1009|144|0|2069|1685|384|0|
|i|7.605509996414185|Min|1681|288|0|3851|3083|768|0|
|i|7.327094078063965|Min|1585|240|0|3897|3129|768|0|
|i|6.712462902069092|Min|1393|192|0|2553|1881|672|0|
|i|12.15707015991211|Min|2449|384|0|6735|5391|1344|0|
|i|13.945947170257568|Min|3121|528|0|6839|5495|1344|0|
|i|1.1292529106140137|Min|3|0|0|10|0|10|0|
|i|1.895784854888916|Min|91|18|0|133|109|24|0|
|i|1.810703992843628|Min|31|18|0|55|31|24|0|
|i|2.135359048843384|Min|165|32|0|235|203|32|0|
|i|1.7177989482879639|Min|53|32|0|91|59|32|0|
|i|2.539019823074341|Min|261|50|0|366|326|40|0|
|i|1.8227438926696777|Min|81|50|0|136|96|40|0|
|i|2.11358904838562|Min|100|21|0|151|115|36|0|
|i|1.691673994064331|Min|34|21|0|67|31|36|0|
|i|2.2566850185394287|Min|177|36|0|259|211|48|0|
|i|1.810549020767212|Min|57|36|0|107|59|48|0|
|i|2.561495065689087|Min|276|55|0|396|336|60|0|
|i|1.8449959754943848|Min|86|55|0|156|96|60|0|
|i|2.4750890731811523|Min|297|88|0|285|165|120|0|
|i|3.629595994949341|Min|211|210|0|45|44|1|0|
|i|4.53007698059082|Min|241|240|0|47|46|1|0|
|i|3.4392459392547607|Max|536|40|0|1241|1081|160|0|
|i|3.7529330253601074|Max|643|48|0|1504|1312|192|0|
|i|4.0786590576171875|Max|750|56|0|1777|1553|224|0|
|i|4.728078126907349|Max|857|64|0|2060|1804|256|0|
|i|5.130018949508667|Max|964|72|0|2353|2065|288|0|
|i|5.746614933013916|Max|1071|80|0|2656|2336|320|0|
|i|5.171619176864624|Max|1156|70|0|2582|2162|420|0|
|i|6.12838888168335|Max|1387|84|0|3118|2614|504|0|
|i|7.239260911941528|Max|1618|98|0|3671|3083|588|0|
|i|8.54396390914917|Max|1849|112|0|4241|3569|672|0|
|i|10.149287939071655|Max|2080|126|0|4828|4072|756|0|
|i|12.09112811088562|Max|2311|140|0|5432|4592|840|0|
|i|5.525750160217285|Max|1281|70|0|2787|2297|490|0|
|i|6.661046028137207|Max|1537|84|0|3360|2772|588|0|
|i|7.969988822937012|Max|1793|98|0|3950|3264|686|0|
|i|9.265417098999023|Max|2049|112|0|4557|3773|784|0|
|i|11.131595849990845|Max|2305|126|0|5181|4299|882|0|
|i|13.482517957687378|Max|2561|140|0|5822|4842|980|0|
|i|8.035894870758057|Max|1956|95|0|4242|3482|760|0|
|i|9.680670976638794|Max|2347|114|0|5094|4182|912|0|
|i|11.837713956832886|Max|2738|133|0|5966|4902|1064|0|
|i|14.779421091079712|Max|3129|152|0|6858|5642|1216|0|
|i|16.303835153579712|Max|3520|171|0|7770|6402|1368|0|
|i|18.893367052078247|Max|3911|190|0|8702|7182|1520|0|
|i|2.627855062484741|Max|345|48|0|696|640|56|0|
|i|7.216252088546753|Max|1298|240|0|5005|4951|54|0|
|i|4.679085969924927|Max|965|132|0|2443|2251|192|0|
|i|4.12443995475769|Max|941|132|0|1917|1725|192|0|
|i|4.657447814941406|Max|965|132|0|2437|2245|192|0|
|i|5.962360858917236|Max|1178|180|0|3506|3314|192|0|
|i|7.91802716255188|Max|1349|216|0|4682|4490|192|0|
|i|2.489920139312744|Min|311|80|0|566|529|37|0|
|i|2.803926944732666|Max|404|108|0|733|663|70|0|
|i|3.35198712348938|Min|730|128|0|1199|988|211|0|
|i|3.0044209957122803|Max|534|138|0|925|830|95|0|
|i|11.547028064727783|Min|3713|916|0|5779|5209|570|0|
|i|17.495476961135864|Max|4963|1270|0|8179|7073|1106|0|
|i|27.39014482498169|Min|9434|1638|0|13835|10510|3325|0|
|i|17.287412881851196|Max|5063|1326|0|7699|6578|1121|0|
|i|1.7507259845733643|Min|77|63|0|23|22|1|0|
|i|1.6445801258087158|Min|29|15|0|23|22|1|0|
|i|2.020764112472534|Min|401|308|0|138|137|1|0|
|i|1.9842190742492676|Min|233|140|0|138|137|1|0|
|i|1.5434558391571045|Min|21|0|10|2|1|1|0|
|i|1.5955848693847656|Min|41|0|10|22|2|20|0|
|i|1.568131923675537|Min|31|0|15|2|1|1|0|
|i|1.610177993774414|Min|61|0|15|32|2|30|0|
|i|1.6130590438842773|Min|41|0|20|2|1|1|0|
|i|1.69728684425354|Min|81|0|20|42|2|40|0|
|i|1.4334180355072021|Min|21|0|10|2|1|1|0|
|i|1.4851629734039307|Min|41|0|10|22|2|20|0|
|i|1.4538061618804932|Min|31|0|15|2|1|1|0|
|i|1.6346538066864014|Min|61|0|15|32|2|30|0|
|i|1.5459139347076416|Min|41|0|20|2|1|1|0|
|i|1.5512111186981201|Min|81|0|20|42|2|40|0|
|i|1.4694960117340088|Min|21|0|10|2|1|1|0|
|i|1.5167570114135742|Min|40|0|10|21|2|19|0|
|i|1.4993410110473633|Min|31|0|15|2|1|1|0|
|i|1.6047000885009766|Min|60|0|15|31|2|29|0|
|i|1.4878058433532715|Min|41|0|20|2|1|1|0|
|i|1.5275599956512451|Min|80|0|20|41|2|39|0|
|i|1.2040400505065918|Min|21|0|10|1|0|1|0|
|i|1.5179529190063477|Min|43|0|10|23|2|21|0|
|i|1.1826200485229492|Min|31|0|15|1|0|1|0|
|i|1.5065288543701172|Min|63|0|15|33|2|31|0|
|i|1.2143330574035645|Min|41|0|20|1|0|1|0|
|i|1.5691421031951904|Min|83|0|20|43|2|41|0|
|i|2.189304828643799|Min|183|22|0|130|66|64|0|
|i|3.479074001312256|Min|476|20|0|508|256|252|0|
|i|4.9013519287109375|Min|814|20|0|898|472|426|0|
|i|4.909868955612183|Min|824|20|0|898|472|426|0|
|i|5.109372854232788|Min|814|20|0|918|492|426|0|
|i|1.5976340770721436|Min|71|0|0|58|56|2|0|
|i|1.3723819255828857|Min|5|0|0|3|1|2|0|
|i|4.1668829917907715|Min|21|0|13|10|9|1|0|
|i|4.2290260791778564|Min|21|0|13|10|9|1|0|
|i|2.094886064529419|Min|91|90|0|481|480|1|0|
|i|2.623178005218506|Min|91|90|0|481|480|1|0|
|i|3.82334303855896|Min|91|90|0|481|480|1|0|
|i|6.486168146133423|Min|91|90|0|481|480|1|0|
|i|10.691107034683228|Min|91|90|0|481|480|1|0|
|i|15.225879907608032|Min|91|44|0|481|480|1|0|
|i|19.254626989364624|Min|91|90|0|481|480|1|0|
|i|14.362989902496338|Min|91|74|0|481|480|1|0|
|i|6.562587022781372|Min|91|90|0|481|480|1|0|
|i|3.560634136199951|Min|183|182|0|1457|1456|1|0|
|i|8.866006135940552|Min|183|80|0|1457|1456|1|0|
|i|25.631197929382324|Min|183|182|0|1457|1456|1|0|
|i|94.95756196975708|Min|183|155|0|1457|1456|1|0|
|i|319.7447090148926|Min|183|182|0|1457|1456|1|0|
|i|352.076180934906|Min|183|182|0|1457|1456|1|0|
|i|439.3817551136017|Min|183|182|0|1457|1456|1|0|
|i|434.6876029968262|Min|183|116|0|1457|1456|1|0|
|i|175.58645009994507|Min|183|182|0|1457|1456|1|0|
|i|16.954041004180908|Min|381|380|0|4561|4560|1|0|
|i|329.11846804618835|Min|381|380|0|4561|4560|1|0|
|i|35.213823080062866|Min|463|462|0|6161|6160|1|0|
|i|595.1136882305145|Min|463|462|0|6161|6160|1|0|
|i|65.02719497680664|Min|553|552|0|8097|8096|1|0|
|i|103.6838800907135|Min|8|0|7|28|0|28|0|
|i|99.03589415550232|Min|8|0|3|28|0|28|0|
|i|104.53444194793701|Min|8|0|4|28|0|28|0|
|i|87.59064197540283|Min|8|0|3|28|0|28|0|
|i|134.64806604385376|Min|301|0|0|101|0|101|0|
|i|2.4595720767974854|Min|76|0|0|26|0|26|0|
|i|11.652346134185791|Min|151|0|0|51|0|51|0|
|i|1.5785908699035645|Min|55|24|0|39|12|27|0|
|i|4.033643960952759|Min|1612|0|0|1594|1063|531|0|
|i|10.956615209579468|Min|5676|0|0|5626|3751|1875|0|
|i|6.143937110900879|Min|2962|0|0|2944|1963|981|0|
|i|19.835521936416626|Min|9426|0|0|9376|6251|3125|0|
|i|1.8250269889831543|Min|142|24|0|190|166|24|0|
|i|1.8917582035064697|Min|154|92|0|215|213|2|0|
|i|1.966688871383667|Min|128|73|0|192|190|2|0|
|i|1.5404260158538818|Min|17|0|0|61|32|29|0|
|i|1.7029831409454346|Min|98|0|0|71|61|10|0|
|i|1.5721440315246582|Min|6|3|0|6|4|2|0|
|i|1.529228925704956|Min|4|1|0|4|2|2|0|
|i|1.467609167098999|Min|12|4|0|14|9|5|0|
|i|1.4961497783660889|Min|8|4|0|10|5|5|0|
|i|1.450106143951416|Min|8|4|0|10|5|5|0|
|i|1.4875099658966064|Min|12|8|0|8|4|4|0|
|i|1.6068391799926758|Min|9|6|0|11|10|1|0|
|i|1.5956308841705322|Min|6|3|0|6|5|1|0|
|i|1.6591639518737793|Min|53|12|0|65|64|1|0|
|i|1.84033203125|Min|69|16|0|97|96|1|0|
|i|1.813858985900879|Min|96|23|0|130|129|1|0|
|i|1.6205451488494873|Min|40|15|0|44|31|13|0|
|i|1.6591100692749023|Min|25|3|6|35|22|13|0|
|i|1.640974998474121|Min|93|72|0|56|52|4|0|
|i|1.5905451774597168|Min|25|4|20|36|32|4|0|
|i|1.6714088916778564|Min|89|68|0|56|52|4|0|
|i|1.6023850440979004|Min|25|4|20|36|32|4|0|
|i|1.6885278224945068|Min|131|100|0|75|70|5|0|
|i|1.6197609901428223|Min|36|5|30|45|40|5|0|
|i|1.7454750537872314|Min|181|138|0|96|90|6|0|
|i|1.6766200065612793|Min|49|6|42|54|48|6|0|
|i|1.4825429916381836|Min|4|0|0|5|1|4|0|
|i|1.3965768814086914|Min|7|0|0|10|1|9|0|
|i|1.400743007659912|Min|4|0|0|5|1|4|0|
|i|1.3970909118652344|Min|4|0|0|5|1|4|0|
|i|1.3660550117492676|Min|7|0|0|7|5|2|0|
|i|1.3848910331726074|Min|10|0|0|16|2|14|0|
|i|1.530311107635498|Min|11|0|0|18|1|17|0|
|i|1.4181678295135498|Min|4|0|0|5|1|4|0|
|i|1.355186939239502|Min|3|0|0|3|1|2|0|
|i|1.3880078792572021|Min|6|0|0|8|2|6|0|
|i|1.4072110652923584|Min|5|0|0|6|2|4|0|
|i|1.4852399826049805|Min|7|0|0|10|2|8|0|
|i|1.5131590366363525|Min|6|0|0|8|2|6|0|
|i|1.4206640720367432|Min|5|0|0|6|2|4|0|
|i|1.4714291095733643|Min|6|0|0|8|2|6|0|
|i|1.6237690448760986|Min|7|0|0|10|2|8|0|
|i|1.518852949142456|Min|5|0|0|6|2|4|0|
|i|1.4602539539337158|Min|5|0|0|6|2|4|0|
|i|1.4808850288391113|Min|6|0|0|2|1|1|0|
|i|1.41402006149292|Min|21|0|0|11|10|1|0|
|i|1.4711720943450928|Min|7|0|0|3|2|1|0|
|i|1.3821220397949219|Min|14|0|0|10|9|1|0|
|i|1.4826359748840332|Min|7|0|0|6|5|1|0|
|i|1.5139989852905273|Min|11|0|0|12|11|1|0|
|i|1.529914140701294|Min|11|0|0|6|5|1|0|
|i|1.5224511623382568|Min|21|0|0|11|10|1|0|
|i|1.428420066833496|Min|25|0|0|11|10|1|0|
|i|1.4002130031585693|Min|11|0|0|2|1|1|0|
|i|1.6246700286865234|Min|33|8|0|32|27|5|0|
|i|1.4565050601959229|Min|9|0|0|7|4|3|0|
|i|1.044281005859375|Min|6|0|0|7|0|7|0|
|i|1.473797082901001|Min|7|0|0|7|4|3|0|
|i|1.3643429279327393|Min|4|0|0|4|3|1|0|
|i|1.8775889873504639|Min|37|25|0|31|5|26|0|
|i|1.0435068607330322|Min|2|0|0|1|0|1|0|
|i|1.07033109664917|Min|2|0|0|1|0|1|0|
|i|1.0233540534973145|Min|2|0|0|1|0|1|0|
|i|1.0916218757629395|Min|2|0|0|1|0|1|0|
|i|1.1300830841064453|Min|3|0|0|1|0|1|0|
|i|1.0206339359283447|Min|2|0|0|1|0|1|0|
|i|1.1007161140441895|Min|2|0|0|1|0|1|0|
|i|1.0505750179290771|Min|3|0|0|2|0|2|0|
|i|1.3874781131744385|Min|3|0|0|3|1|2|0|
|i|1.4913911819458008|Min|10|0|0|7|4|3|0|
|i|1.4844858646392822|Min|10|0|0|7|4|3|0|
|i|1.4972429275512695|Min|10|0|0|7|4|3|0|
|i|1.3995459079742432|Min|8|0|0|7|3|4|0|
|i|1.5277109146118164|Min|33|0|0|20|8|12|0|
|i|1.492095947265625|Min|23|0|0|17|8|9|0|
|i|1.488555908203125|Min|63|0|0|54|19|35|0|
|i|1.360461950302124|Min|9|0|0|7|4|3|0|
|i|1.3996610641479492|Min|17|0|0|14|9|5|0|
|i|1.4181408882141113|Min|28|0|0|20|13|7|0|
|i|1.367218017578125|Min|9|0|0|7|2|5|0|
|i|1.3839330673217773|Min|5|0|0|4|1|3|0|
|i|1.40791916847229|Min|13|0|0|10|3|7|0|
|i|1.4124770164489746|Min|7|0|0|5|1|4|0|
|i|1.435945987701416|Min|7|0|0|4|3|1|0|
|i|1.436812162399292|Min|4|0|0|2|1|1|0|
|i|1.4152138233184814|Min|5|0|0|3|2|1|0|
|i|1.4109561443328857|Min|7|0|0|4|3|1|0|
|i|1.3842298984527588|Min|5|0|0|3|2|1|0|
|i|1.545902967453003|Min|10|0|0|4|3|1|0|
|i|1.5195231437683105|Min|4|0|0|2|1|1|0|
|i|1.6065120697021484|Min|10|0|0|4|3|1|0|
|i|1.4280798435211182|Min|4|0|0|2|1|1|0|
|i|1.4215929508209229|Min|5|0|0|3|2|1|0|
|i|1.6434779167175293|Min|8|0|0|15|2|13|0|
|i|1.3467059135437012|Min|7|0|0|6|1|5|0|
|i|1.3986670970916748|Min|9|0|0|7|4|3|0|
|i|1.106564998626709|Min|9|0|0|5|0|5|0|
|i|1.4901909828186035|Min|5|0|0|8|7|1|0|
|i|1.642549991607666|Min|5|0|0|8|7|1|0|
|i|1.478708028793335|Min|6|0|0|9|7|2|0|
|i|1.4992799758911133|Min|13|0|0|18|11|7|0|
|i|1.5051448345184326|Min|14|0|0|16|5|11|0|
|i|1.6118290424346924|Min|18|0|0|18|8|10|0|
|i|1.1368451118469238|Min|3|0|0|1|0|1|0|
|i|1.071498155593872|Min|2|0|0|1|0|1|0|
|i|1.014040231704712|Min|3|0|0|1|0|1|0|
|i|1.0285618305206299|Min|3|0|0|1|0|1|0|
|i|1.032853126525879|Min|3|0|0|1|0|1|0|
|i|1.0232470035552979|Min|3|0|0|1|0|1|0|
|i|1.052706003189087|Min|6|0|0|6|0|6|0|
|i|1.517293930053711|Min|58|0|0|34|6|28|0|
|i|15.05358600616455|Min|7523|0|0|1960|72|1888|0|
|i|38.28730916976929|Min|15642|0|0|3161|30|3131|0|
|i|1.7026851177215576|Min|62|0|0|88|6|82|0|
|i|15.2445068359375|Min|2535|0|0|3799|24|3775|0|
|i|1.7117900848388672|Min|116|0|0|77|18|59|0|
|i|1.7226929664611816|Min|116|0|0|77|18|59|0|
|i|1.745643138885498|Min|121|0|0|82|18|64|0|
|i|1.7204771041870117|Min|116|0|0|73|19|54|0|
|i|1.7282781600952148|Min|111|0|0|72|18|54|0|
|i|1.5859270095825195|Min|111|0|0|77|28|49|0|
|i|1.607525110244751|Min|111|0|0|77|28|49|0|
|i|1.583056926727295|Min|111|0|0|77|28|49|0|
|i|1.7058579921722412|Min|111|0|0|77|28|49|0|
|i|1.6416630744934082|Min|127|0|0|93|27|66|0|
|i|1.627206802368164|Min|127|0|0|94|29|65|0|
|i|1.4927151203155518|Min|79|0|0|46|19|27|0|
|i|1.0772151947021484|Min|23|0|0|11|0|11|0|
|i|1.1111690998077393|Min|25|0|0|11|0|11|0|
|i|1.1143691539764404|Min|53|0|0|26|0|26|0|
|i|1.1337461471557617|Min|18|0|0|13|0|13|0|
|i|1.1393499374389648|Min|16|0|0|12|0|12|0|
|i|1.1345429420471191|Min|15|0|0|9|0|9|0|
|i|1.2028071880340576|Min|63|0|0|41|0|41|0|
|i|1.239513874053955|Min|43|0|0|31|0|31|0|
|i|1.5106279850006104|Min|7|0|0|5|2|3|0|
|i|1.4761829376220703|Min|7|0|0|5|2|3|0|
|i|1.5127389430999756|Min|6|0|0|5|2|3|0|
|i|1.5781030654907227|Min|6|0|0|5|2|3|0|
|i|1.5084278583526611|Min|6|0|0|5|2|3|0|
|i|1.4774389266967773|Min|7|0|0|5|2|3|0|
|i|1.4654319286346436|Min|76|0|0|46|0|46|0|
|i|1.2811939716339111|Min|31|0|0|1|0|1|0|
|i|1.4867980480194092|Min|14|0|0|13|8|5|0|
|i|1.4765050411224365|Min|11|0|0|10|6|4|0|
|i|1.6079049110412598|Min|11|0|0|10|6|4|0|
|i|1.3677000999450684|Min|14|0|0|13|8|5|0|
|i|1.4902818202972412|Min|15|0|0|13|8|5|0|
|i|1.4060819149017334|Min|11|0|0|12|7|5|0|
|i|1.6591341495513916|Min|17|0|0|16|10|6|0|
|i|1.3868460655212402|Min|9|0|0|8|5|3|0|
|i|1.482870101928711|Min|9|0|0|8|4|4|0|
|i|1.5052759647369385|Min|17|0|0|13|6|7|0|
|i|1.542083978652954|Min|11|0|0|10|5|5|0|
|i|1.4057259559631348|Min|7|0|0|6|3|3|0|
|i|1.5881729125976562|Min|23|6|0|19|18|1|0|
|i|1.6731898784637451|Min|67|12|0|34|33|1|0|
|i|1.7818408012390137|Min|67|12|0|34|33|1|0|
|i|74.35447311401367|Min|191|190|0|2281|2280|1|0|
|i|319.9659969806671|Min|301|300|0|4601|4600|1|0|
|i|2.2575550079345703|Min|15|0|0|307|306|1|0|
|i|3.146209955215454|Min|30|0|0|307|306|1|0|
|i|4.830846071243286|Min|55|0|0|307|306|1|0|
|i|2.2520759105682373|Min|98|7|0|92|30|62|0|
|i|2.5621039867401123|Min|88|36|0|284|137|147|0|
|i|1.0488381385803223|Min|3|0|0|2|0|2|0|
|i|5.68604302406311|Min|589|175|0|619|598|21|0|
|i|1.6023280620574951|Min|47|4|0|52|50|2|0|
|i|1.6144790649414062|Min|15|4|0|12|10|2|0|
|i|1.7515878677368164|Min|123|12|0|145|142|3|0|
|i|1.7378809452056885|Min|27|12|0|25|22|3|0|
|i|1.9642271995544434|Min|235|24|0|283|279|4|0|
|i|1.6078300476074219|Min|43|24|0|43|39|4|0|
|i|2.2581961154937744|Min|383|40|0|466|461|5|0|
|i|1.77628493309021|Min|63|40|0|66|61|5|0|
|i|2.53572416305542|Min|567|60|0|694|688|6|0|
|i|1.8008489608764648|Min|87|60|0|94|88|6|0|
|i|1.933016061782837|Min|115|42|0|212|198|14|0|
|i|1.9818379878997803|Min|115|42|0|212|198|14|0|
|i|2.0047969818115234|Min|113|0|42|270|256|14|0|
|i|2.099971055984497|Min|113|0|42|270|256|14|0|
|i|1.9591879844665527|Min|113|0|42|270|256|14|0|
|i|1.957923173904419|Min|113|0|42|270|256|14|0|
|i|1.9870860576629639|Min|113|0|42|270|256|14|0|
|i|1.9991869926452637|Min|147|56|0|274|258|16|0|
|i|2.089154005050659|Min|145|0|56|348|332|16|0|
|i|2.083899974822998|Min|145|0|56|348|332|16|0|
|i|2.145967960357666|Min|145|0|56|348|332|16|0|
|i|2.2036030292510986|Min|145|0|56|348|332|16|0|
|i|2.069042921066284|Min|145|0|56|348|332|16|0|
|i|2.081425905227661|Min|183|72|0|344|326|18|0|
|i|2.33203387260437|Min|181|0|72|436|418|18|0|
|i|2.3534650802612305|Min|181|0|72|436|418|18|0|
|i|2.3864309787750244|Min|181|0|72|436|418|18|0|
|i|2.311789035797119|Min|181|0|72|436|418|18|0|
|i|2.2239580154418945|Min|181|0|72|436|418|18|0|
|i|2.1855170726776123|Max|237|73|0|310|286|24|0|
|i|1.46268892288208|Min|16|3|0|16|12|4|0|
|i|5.641977071762085|Min|146|110|0|1269|1158|111|0|
|i|37.14239501953125|Min|12689|96|0|14609|13744|865|0|
|i|1.7750000953674316|Min|91|10|0|70|26|44|0|
|i|3.2803871631622314|Min|725|136|0|831|449|382|0|
|i|3.321362018585205|Min|725|136|0|831|449|382|0|
|i|3.334217071533203|Min|725|136|0|831|449|382|0|
|i|3.313591957092285|Min|725|136|0|831|449|382|0|
|i|3.4568870067596436|Min|725|136|0|831|449|382|0|
|i|6.415776014328003|Min|2604|0|0|2599|1798|801|0|
|i|12.449846029281616|Min|5204|0|0|5199|3598|1601|0|
|i|22.89063787460327|Min|10404|0|0|10399|7198|3201|0|
|i|4.0191121101379395|Min|1304|0|0|1299|898|401|0|
|i|1.8523070812225342|Min|132|38|0|213|179|34|0|
|i|4.800175905227661|Min|1527|38|0|2253|1709|544|0|
|i|18.976808071136475|Min|7572|38|0|11093|8339|2754|0|
|i|1.9079179763793945|Min|107|21|0|150|126|24|0|
|i|2.6726908683776855|Min|280|0|48|554|419|135|0|
|i|5.305330038070679|Min|1194|0|232|2473|1963|510|0|
|i|7.96417498588562|Min|2187|0|250|3733|2824|909|0|
|i|7.8300559520721436|Min|2187|0|250|3733|2824|909|0|
|i|7.995278835296631|Min|2187|0|250|3733|2824|909|0|
|i|7.87105917930603|Min|2187|0|250|3733|2824|909|0|
|i|7.813382863998413|Min|2187|0|250|3733|2824|909|0|
|i|7.857222080230713|Min|2187|0|250|3733|2824|909|0|
|i|7.893389940261841|Min|2187|0|250|3733|2824|909|0|
|i|7.795877933502197|Min|2187|0|250|3733|2824|909|0|
|i|7.958662986755371|Min|2187|0|250|3733|2824|909|0|
|i|7.870774030685425|Min|2187|0|250|3733|2824|909|0|
|i|7.7630510330200195|Min|2187|0|250|3733|2824|909|0|
|i|7.818062782287598|Min|2187|0|250|3733|2824|909|0|
|i|7.85566782951355|Min|2187|0|250|3733|2824|909|0|
|i|8.020363092422485|Min|2187|0|250|3733|2824|909|0|
|i|7.874497890472412|Min|2187|0|250|3733|2824|909|0|
|i|7.941900014877319|Min|2187|0|250|3733|2824|909|0|
|i|7.888395071029663|Min|2187|0|250|3733|2824|909|0|
|i|7.874462127685547|Min|2187|0|250|3733|2824|909|0|
|i|7.790520191192627|Min|2187|0|250|3733|2824|909|0|
|i|7.8484392166137695|Min|2187|0|250|3733|2824|909|0|
|i|1.4538559913635254|Min|5|3|0|5|4|1|0|
|i|1.1083290576934814|Min|5|0|4|1|0|1|0|
|i|1.6143481731414795|Min|29|24|0|5|4|1|0|
|i|1.4711508750915527|Min|9|0|4|5|4|1|0|
|i|1.4615449905395508|Min|7|0|4|2|1|1|0|
|i|1.8406040668487549|Min|50|9|0|83|63|20|0|
|i|1.9306249618530273|Min|54|9|0|93|63|30|0|
|i|1.87860107421875|Min|119|55|0|142|127|15|0|
|i|2.962663173675537|Min|395|187|0|424|391|33|0|
|i|4.330949783325195|Min|735|352|0|769|721|48|0|
|i|1.6311900615692139|Min|30|12|0|38|10|28|0|
|i|1.8447558879852295|Min|58|18|0|63|15|48|0|
|i|2.0733799934387207|Min|97|36|0|120|32|88|0|
|i|137.99311208724976|Min|1001|0|0|2|0|2|0|
|i|1.599219799041748|Min|12|3|0|9|7|2|0|
|i|4.684361219406128|Min|1316|0|0|1210|103|1107|0|
|i|7.832680940628052|Min|2616|0|0|2410|203|2207|0|
|i|15.146990060806274|Min|5216|0|0|4810|403|4407|0|
|i|3.3487939834594727|Min|666|0|0|610|53|557|0|
|i|1.622441053390503|Min|49|48|0|17|16|1|0|
|i|1.6774370670318604|Min|76|75|0|26|25|1|0|
|i|2.1076929569244385|Min|109|108|0|37|36|1|0|
|i|2.487665891647339|Min|148|147|0|50|49|1|0|
|i|3.376863956451416|Min|193|192|0|65|64|1|0|
|i|4.135676860809326|Min|244|243|0|82|81|1|0|
|i|5.202710866928101|Min|301|300|0|101|100|1|0|
|i|1.5417499542236328|Min|49|48|0|17|16|1|0|
|i|1.6954591274261475|Min|76|75|0|26|25|1|0|
|i|1.950807809829712|Min|109|108|0|37|36|1|0|
|i|2.305737018585205|Min|148|147|0|50|49|1|0|
|i|2.9702022075653076|Min|193|192|0|65|64|1|0|
|i|3.873157024383545|Min|244|243|0|82|81|1|0|
|i|1.8108470439910889|Min|73|72|0|25|24|1|0|
|i|2.1473917961120605|Min|97|96|0|33|32|1|0|
|i|2.0672850608825684|Min|82|81|0|28|27|1|0|
|i|2.636786937713623|Min|109|108|0|37|36|1|0|
|i|3.4810149669647217|Min|145|144|0|49|48|1|0|
|i|5.46678900718689|Min|193|192|0|65|64|1|0|
|i|1.873626947402954|Min|73|72|0|25|24|1|0|
|i|2.0694329738616943|Min|97|96|0|33|32|1|0|
|i|2.026258945465088|Min|82|81|0|28|27|1|0|
|i|2.5520310401916504|Min|109|108|0|37|36|1|0|
|i|3.343068838119507|Min|145|144|0|49|48|1|0|
|i|4.900065183639526|Min|193|192|0|65|64|1|0|
|i|1.7414891719818115|Min|61|60|0|21|20|1|0|
|i|2.3509931564331055|Min|91|90|0|31|30|1|0|
|i|3.1485161781311035|Min|121|120|0|41|40|1|0|
|i|4.5886900424957275|Min|151|150|0|51|50|1|0|
|i|6.022463083267212|Min|181|180|0|61|60|1|0|
|i|8.754024028778076|Min|211|210|0|71|70|1|0|
|i|1.7258319854736328|Min|78|0|0|112|111|1|0|
|i|1.4822189807891846|Min|64|0|0|25|24|1|0|
|i|1.422745943069458|Min|21|0|0|8|7|1|0|
|i|1.5417380332946777|Min|13|0|0|10|7|3|0|
|i|2.9499969482421875|Min|723|13|0|719|568|151|0|
|i|1.812626838684082|Min|113|12|0|121|73|48|0|
|i|1.9105470180511475|Min|149|16|0|167|102|65|0|
|i|3.3111019134521484|Min|581|60|0|511|270|241|0|
|i|1.721325159072876|Min|57|12|0|65|64|1|0|
|i|1.898475170135498|Min|77|16|0|91|90|1|0|
|i|2.849949836730957|Min|261|60|0|251|250|1|0|
|i|2.417444944381714|Max|292|45|0|263|262|1|0|
|i|1.5514428615570068|Min|30|0|0|26|19|7|0|
|i|1.4171569347381592|Min|10|0|0|5|1|4|0|
|i|1.5473270416259766|Min|19|0|0|22|1|21|0|
|i|1.1033120155334473|Min|17|16|0|8|0|8|0|
|i|1.4919819831848145|Min|9|0|0|9|6|3|0|
|i|1.0490641593933105|Min|4|0|0|2|0|2|0|
|i|16.067365169525146|Min|9818|9537|0|10252|10235|17|0|
|i|2.0607950687408447|Min|202|0|0|151|1|150|0|
|i|1.6941099166870117|Min|72|10|0|80|79|1|0|
|i|1.622554063796997|Min|122|0|0|100|99|1|0|
|i|1.8291139602661133|Min|82|10|0|101|80|21|0|
|i|1.5965139865875244|Min|152|0|0|111|90|21|0|
|i|1.5291850566864014|Min|32|0|0|25|18|7|0|
|i|2.3273489475250244|Max|289|96|0|429|381|48|0|
|i|2.9333138465881348|Max|577|192|0|857|761|96|0|
|i|3.8971798419952393|Max|1009|336|0|1499|1331|168|0|
|i|13.740429162979126|Min|3011|1500|0|1822|1812|10|0|
|i|1.6172709465026855|Min|22|0|0|8|7|1|0|
|i|5.80393385887146|Max|273|0|0|1615|1450|165|0|
|i|1.5178380012512207|Min|26|0|4|33|32|1|0|
|i|15.857481002807617|Min|195|190|0|193|2|191|0|
|i|1.5660841464996338|Min|43|0|0|48|27|21|0|
|i|1.7208118438720703|Min|43|0|0|48|27|21|0|
|i|1.5684411525726318|Min|43|0|0|48|27|21|0|
|i|1.8410370349884033|Min|158|0|0|174|68|106|0|
|i|3.4042110443115234|Min|791|0|0|816|185|631|0|
|i|4.113083839416504|Min|1110|0|0|1134|230|904|0|
|i|1.458353042602539|Min|49|0|0|52|29|23|0|
|i|1.565554141998291|Min|49|0|0|52|29|23|0|
|i|1.4803049564361572|Min|49|0|0|52|29|23|0|
|i|1.7923920154571533|Min|184|0|0|192|59|133|0|
|i|2.2984189987182617|Min|390|0|0|388|105|283|0|
|i|2.921963930130005|Min|634|0|0|619|153|466|0|
|i|1.4977869987487793|Min|18|0|0|54|32|22|0|
|i|1.471621036529541|Min|18|0|0|54|32|22|0|
|i|1.5282981395721436|Min|20|0|0|63|34|29|0|
|i|1.4826312065124512|Min|20|0|0|69|40|29|0|
|i|1.5234148502349854|Min|22|0|0|86|49|37|0|
|i|1.4243130683898926|Min|10|0|0|16|12|4|0|
|i|1.504714012145996|Min|10|0|0|16|12|4|0|
|i|1.4141910076141357|Min|12|0|0|24|17|7|0|
|i|1.4162640571594238|Min|12|0|0|24|17|7|0|
|i|1.408897876739502|Min|14|0|0|34|23|11|0|
|i|1.4742109775543213|Min|14|0|0|34|23|11|0|
|i|1.5563228130340576|Min|16|0|0|46|30|16|0|
|i|1.4702470302581787|Min|16|0|0|46|30|16|0|
|i|1.4471590518951416|Min|16|0|0|46|30|16|0|
|i|1.49031400680542|Min|18|0|0|60|38|22|0|
|i|1.4829728603363037|Min|18|0|0|60|38|22|0|
|i|1.5433130264282227|Min|24|0|0|71|25|46|0|
|i|1.5279269218444824|Min|14|0|0|24|13|11|0|
|i|1.3904931545257568|Min|14|0|0|24|13|11|0|
|i|1.4444360733032227|Min|16|0|0|31|15|16|0|
|i|1.472632884979248|Min|18|0|0|40|18|22|0|
|i|1.5072450637817383|Min|20|0|0|49|20|29|0|
|i|1.5007679462432861|Min|22|0|0|60|23|37|0|
|i|1.7349750995635986|Min|125|0|0|129|81|48|0|
|i|2.038527011871338|Min|194|0|0|197|123|74|0|
|i|3.1364409923553467|Min|465|0|0|462|141|321|0|
|i|1.3260979652404785|Max|37|0|0|78|0|78|0|
|i|2.4398739337921143|Max|97|0|0|300|0|300|0|
|i|4.9730939865112305|Max|201|0|0|820|0|820|0|
|i|5.078448057174683|Max|206|0|0|861|0|861|0|
|i|5.314923048019409|Max|211|0|0|903|0|903|0|
|i|5.469591856002808|Max|216|0|0|946|0|946|0|
|i|5.664986848831177|Max|221|0|0|990|0|990|0|
|i|1.7034151554107666|Min|102|2|38|28|8|20|0|
|i|1.8457648754119873|Min|268|3|111|49|11|38|0|
|i|1.7467098236083984|Min|91|0|0|79|60|19|0|
|i|1.6021728515625|Min|39|0|0|29|16|13|0|
|i|1.0646770000457764|Min|4|0|0|1|0|1|0|
|i|1.767388105392456|Min|10|0|0|4|3|1|0|
|i|1.517751932144165|Min|25|0|0|21|20|1|0|
|i|1.8790361881256104|Max|61|52|0|84|83|1|0|
|i|3.0513198375701904|Min|507|0|0|401|1|400|0|
|i|4.095340967178345|Min|1007|0|0|801|1|800|0|
|i|6.310551881790161|Min|2007|0|0|1601|1|1600|0|
|i|2.128411054611206|Min|257|0|0|201|1|200|0|
|i|9.900584936141968|Min|1754|0|1662|92|52|40|0|
|i|19.600661039352417|Min|987|0|899|88|48|40|0|
|i|5.829617023468018|Min|1001|0|0|999|0|999|0|
|i|1.7433421611785889|Min|27|6|0|44|38|6|0|
|i|1.781505823135376|Min|87|30|0|158|146|12|0|
|i|1.884842872619629|Min|115|42|0|212|198|14|0|
|i|1.9751689434051514|Min|113|0|42|270|256|14|0|
|i|2.1011128425598145|Min|113|0|42|270|256|14|0|
|i|2.1154589653015137|Min|113|0|42|270|256|14|0|
|i|1.9620161056518555|Min|113|0|42|270|256|14|0|
|i|2.0032970905303955|Min|113|0|42|270|256|14|0|
|i|1.4904580116271973|Min|3|0|0|3|1|2|0|
|i|1.5268731117248535|Min|3|0|0|5|3|2|0|
|i|1.5142769813537598|Min|7|0|0|8|3|5|0|
|i|1.4271769523620605|Min|3|0|0|3|1|2|0|
|i|1.10142183303833|Min|2|0|0|1|0|1|0|
|i|1.0418899059295654|Min|2|0|0|1|0|1|0|
|i|1.0884699821472168|Min|2|0|0|1|0|1|0|
|i|1.0385470390319824|Min|2|0|0|1|0|1|0|
|i|1.0108139514923096|Min|2|0|0|1|0|1|0|
|i|1.0358819961547852|Min|2|0|0|1|0|1|0|
|i|1.0450248718261719|Min|2|0|0|1|0|1|0|
|i|1.0537691116333008|Min|2|0|0|1|0|1|0|
|i|1.0117409229278564|Min|3|0|0|1|0|1|0|
|i|1.2944591045379639|Min|27|0|0|78|0|78|0|
|i|1.8837599754333496|Min|201|0|0|112|22|90|0|
|i|1.5281519889831543|Min|9|0|0|3|2|1|0|
|i|1.624035120010376|Min|36|14|0|45|44|1|0|
|i|8.751055002212524|Min|3006|0|0|2998|2097|901|0|
|i|18.03263211250305|Min|6006|0|0|5998|4197|1801|0|
|i|31.106337070465088|Min|12006|0|0|11998|8397|3601|0|
|i|4.958163022994995|Min|1506|0|0|1498|1047|451|0|
|i|1.096418857574463|Min|6|0|0|4|0|4|0|
|i|1.6221191883087158|Min|65|0|0|80|75|5|0|
|i|1.7719600200653076|Min|85|20|0|93|88|5|0|
|i|51.06625294685364|Min|1405|0|0|1|0|1|0|
|i|190.2849428653717|Min|2705|0|0|1|0|1|0|
|i|382.04324102401733|Min|4005|0|0|1|0|1|0|
|i|2.246124029159546|Max|194|93|0|257|229|28|0|
|i|2.233173131942749|Max|194|93|0|257|229|28|0|
|i|2.534808874130249|Max|245|120|0|319|291|28|0|
|i|2.4597928524017334|Max|230|112|0|307|270|37|0|
|i|2.336452007293701|Max|191|78|0|309|260|49|0|
|i|2.9280309677124023|Max|350|176|0|481|416|65|0|
|i|2.3111441135406494|Max|415|198|0|262|228|34|0|
|i|2.2571659088134766|Max|424|216|0|250|225|25|0|
|i|2.345458984375|Max|476|243|0|280|252|28|0|
|i|2.281428813934326|Max|477|252|0|270|248|22|0|
|i|2.2950551509857178|Max|451|216|0|299|274|25|0|
|i|2.758212089538574|Max|694|384|0|388|355|33|0|
|i|2.8968288898468018|Min|645|46|0|238|192|46|0|
|i|2.363067865371704|Min|691|46|0|284|238|46|0|
|i|2.804800033569336|Min|631|42|0|255|213|42|0|
|i|2.509155035018921|Min|673|42|0|297|255|42|0|
|i|3.2096469402313232|Min|865|54|0|306|252|54|0|
|i|2.5698130130767822|Min|919|54|0|360|306|54|0|
|i|3.008543014526367|Min|681|40|0|307|267|40|0|
|i|2.6019749641418457|Min|721|40|0|347|307|40|0|
|i|3.5803160667419434|Min|1081|60|0|378|318|60|0|
|i|2.7367231845855713|Min|1141|60|0|438|378|60|0|
|i|1.423907995223999|Min|6|0|0|6|5|1|0|
|i|5.508491039276123|Min|1999|462|0|3138|3137|1|0|
|i|7.874083995819092|Min|1999|462|0|3081|3080|1|0|
|i|2.4669461250305176|Min|457|136|0|667|666|1|0|
|i|2.6426680088043213|Min|457|136|0|667|666|1|0|
|i|1.9456968307495117|Min|113|0|42|270|256|14|0|
|i|2.100950002670288|Min|113|0|42|270|256|14|0|
|i|2.00028395652771|Min|113|0|42|270|256|14|0|
|i|1.9537739753723145|Min|113|0|42|270|256|14|0|
|i|1.927826166152954|Min|113|0|42|270|256|14|0|
|i|1.6571340560913086|Min|51|2|0|44|15|29|0|
|i|1.798326015472412|Min|51|2|0|44|15|29|0|
|i|38.12775683403015|Min|23814|10816|0|14246|11025|3221|0|
|i|20.424026012420654|Min|13011|10920|0|3340|210|3130|0|
|i|41.614140033721924|Min|23827|10920|0|24972|21946|3026|0|
|i|4.409417152404785|Min|1563|576|0|1227|625|602|0|
|i|3.7003910541534424|Min|993|600|0|634|50|584|0|
|i|4.726874113082886|Min|1569|600|0|1786|1226|560|0|
|i|4.5799291133880615|Min|1679|625|0|1304|676|628|0|
|i|3.7902050018310547|Min|1059|650|0|660|52|608|0|
|i|4.938038110733032|Min|1684|650|0|1910|1327|583|0|
|i|11.116122961044312|Min|5736|2401|0|3874|2500|1374|0|
|i|7.25573205947876|Min|3342|2450|0|1432|100|1332|0|
|i|12.570647954940796|Min|5743|2450|0|6234|4951|1283|0|
|i|2.516633987426758|Min|352|168|0|318|51|267|0|
|i|2.4445228576660156|Min|352|168|0|318|51|267|0|
|i|2.580761194229126|Min|352|168|0|318|51|267|0|
|i|2.6640210151672363|Min|352|168|0|318|51|267|0|
|i|2.72383713722229|Min|352|168|0|318|51|267|0|
|i|2.6465489864349365|Min|352|168|0|318|51|267|0|
|i|1.439497947692871|Min|4|0|2|4|1|3|0|
|i|1.1281921863555908|Min|9|0|5|4|0|4|0|
|i|1.4342241287231445|Min|3|0|2|3|1|2|0|
|i|1.1840238571166992|Min|3|0|2|1|0|1|0|
|i|1.4587020874023438|Min|9|0|2|10|1|9|0|
|i|1.0867362022399902|Min|3|0|2|1|0|1|0|
|i|1.4690968990325928|Min|4|0|3|3|1|2|0|
|i|1.219736099243164|Min|4|0|2|4|0|4|0|
|i|1.171734094619751|Min|11|0|10|1|0|1|0|
|i|1.0869550704956055|Min|3|0|2|3|0|3|0|
|i|1.1918048858642578|Min|4|0|3|4|0|4|0|
|i|1.1663098335266113|Min|5|0|4|5|0|5|0|
|i|1.21390700340271|Min|6|0|5|6|0|6|0|
|i|1.129580020904541|Min|9|0|5|4|0|4|0|
|i|1.5744330883026123|Min|4|0|3|2|1|1|0|
|i|1.1991779804229736|Min|3|0|2|1|0|1|0|
|i|1.3421180248260498|Min|8|0|7|8|0|8|0|
|i|1.2022440433502197|Min|7|0|6|7|0|7|0|
|i|1.3715548515319824|Min|9|0|8|9|0|9|0|
|i|1.6336028575897217|Min|17|0|5|9|8|1|0|
|i|1.1159958839416504|Min|4|0|2|3|0|3|0|
|i|1.5010731220245361|Min|9|0|4|10|1|9|0|
|i|1.5975220203399658|Min|10|0|9|10|0|10|0|
|i|1.7409279346466064|Min|11|0|10|11|0|11|0|
|i|2.092193126678467|Min|115|42|0|212|198|14|0|
|i|1.877143144607544|Min|115|42|0|212|198|14|0|
|i|2.0569839477539062|Min|113|0|42|270|256|14|0|
|i|1.9470529556274414|Min|113|0|42|270|256|14|0|
|i|2.0871469974517822|Min|113|0|42|270|256|14|0|
|i|2.1349620819091797|Min|113|0|42|270|256|14|0|
|i|2.0864040851593018|Min|113|0|42|270|256|14|0|
|i|2.1309049129486084|Min|145|0|56|348|332|16|0|
|i|2.3983330726623535|Min|181|0|72|436|418|18|0|
|i|1.6868140697479248|Min|10|3|0|8|6|2|0|
|i|4.624997138977051|Min|1536|19|0|1547|1129|418|0|
|i|3.6926400661468506|Min|937|2|0|927|643|284|0|
|i|1.6958320140838623|Min|88|18|0|75|48|27|0|
|i|1.6520359516143799|Min|25|0|0|62|10|52|0|
|i|1.6674668788909912|Min|42|0|0|127|61|66|0|
|i|1.5583791732788086|Min|42|0|0|86|45|41|0|
|i|1.6268770694732666|Min|104|0|0|77|43|34|0|
|i|2.146127939224243|Min|206|25|0|116|111|5|0|
|i|1.7042760848999023|Min|117|0|0|97|65|32|0|
|i|10.75398302078247|Min|5006|0|0|4996|3495|1501|0|
|i|20.74288511276245|Min|10006|0|0|9996|6995|3001|0|
|i|5.846675157546997|Min|2506|0|0|2496|1745|751|0|
|i|1.4073920249938965|Max|5|0|0|3|2|1|0|
|i|1.421889066696167|Max|9|0|0|10|4|6|0|
|i|1.48521089553833|Max|13|0|0|21|6|15|0|
|i|1.5020208358764648|Max|17|0|0|36|8|28|0|
|i|1.593662977218628|Max|21|0|0|55|10|45|0|
|i|1.6912989616394043|Max|25|0|0|78|12|66|0|
|i|1.889030933380127|Max|29|0|0|105|14|91|0|
|i|1.5465350151062012|Min|43|0|0|9|8|1|0|
|i|18.675838947296143|Min|201|0|0|5050|99|4951|0|
|i|2.4446861743927|Min|51|0|0|325|24|301|0|
|i|5.25049090385437|Min|101|0|0|1275|49|1226|0|
|i|10.505486011505127|Min|151|0|0|2850|74|2776|0|
|i|1.6064667701721191|Min|34|0|0|50|30|20|0|
|i|1.611142873764038|Min|47|0|0|72|32|40|0|
|i|1.6255488395690918|Min|34|0|0|50|30|20|0|
|i|1.6910860538482666|Min|34|0|0|58|38|20|0|
|i|1.6655359268188477|Min|47|0|0|80|40|40|0|
|i|1.6058409214019775|Min|34|0|0|58|38|20|0|
|i|1.75248384475708|Min|53|0|0|75|43|32|0|
|i|1.747147798538208|Min|73|0|0|110|46|64|0|
|i|1.6792709827423096|Min|53|0|0|75|43|32|0|
|i|1.8206140995025635|Min|59|0|0|78|38|40|0|
|i|1.810520887374878|Min|77|0|0|120|40|80|0|
|i|1.6817240715026855|Min|59|0|0|78|38|40|0|
|i|1.6235179901123047|Min|14|0|0|17|11|6|0|
|i|1.5465729236602783|Min|19|0|0|24|12|12|0|
|i|1.4924180507659912|Min|14|0|0|17|11|6|0|
|i|1.7053310871124268|Min|93|0|0|87|27|60|0|
|i|1.9660959243774414|Min|120|0|0|150|30|120|0|
|i|1.6970641613006592|Min|93|0|0|87|27|60|0|
|i|2.241702079772949|Min|215|30|0|341|291|50|0|
|i|2.838837146759033|Min|332|45|0|525|439|86|0|
|i|5.306905031204224|Min|1105|150|0|1718|1444|274|0|
|i|1.5888609886169434|Min|37|0|0|35|19|16|0|
|i|1.699091911315918|Min|49|0|0|53|21|32|0|
|i|1.5825960636138916|Min|37|0|0|35|19|16|0|
|i|3.270562171936035|Min|673|0|0|572|60|512|0|
|i|4.284854173660278|Min|833|0|0|1092|68|1024|0|
|i|3.2974660396575928|Min|673|0|0|572|60|512|0|
|i|3.3212220668792725|Min|673|0|0|572|60|512|0|
|i|4.207572937011719|Min|833|0|0|1092|68|1024|0|
|i|3.302661895751953|Min|673|0|0|572|60|512|0|
|i|3.2404720783233643|Min|609|0|0|564|52|512|0|
|i|4.247477054595947|Min|705|0|0|1080|56|1024|0|
|i|3.3116519451141357|Min|609|0|0|564|52|512|0|
|i|1.503697156906128|Min|11|0|0|14|10|4|0|
|i|1.569916009902954|Min|15|0|0|19|11|8|0|
|i|1.514362096786499|Min|11|0|0|14|10|4|0|
|i|1.5123488903045654|Min|11|0|0|14|10|4|0|
|i|1.5024499893188477|Min|15|0|0|19|11|8|0|
|i|1.5069639682769775|Min|11|0|0|14|10|4|0|
|i|1.6650199890136719|Min|11|0|0|14|10|4|0|
|i|1.5165491104125977|Min|15|0|0|19|11|8|0|
|i|1.6157050132751465|Min|11|0|0|14|10|4|0|
|i|1.62894606590271|Min|35|0|0|53|35|18|0|
|i|1.6673970222473145|Min|47|0|0|73|37|36|0|
|i|1.6108968257904053|Min|35|0|0|53|35|18|0|
|i|4.537009000778198|Min|501|0|0|745|416|329|0|
|i|5.101097106933594|Min|617|0|0|1084|426|658|0|
|i|4.423159122467041|Min|501|0|0|745|416|329|0|
|i|11.402864933013916|Min|1246|0|0|1384|416|968|0|
|i|13.36914610862732|Min|1442|0|0|2362|426|1936|0|
|i|11.280627965927124|Min|1246|0|0|1384|416|968|0|
|i|27.518422842025757|Min|2400|0|0|2408|416|1992|0|
|i|31.38164520263672|Min|2686|0|0|4410|426|3984|0|
|i|27.81305718421936|Min|2400|0|0|2408|416|1992|0|
|i|16.617109060287476|Min|1538|0|0|1958|805|1153|0|
|i|19.46815514564514|Min|1827|0|0|3128|822|2306|0|
|i|16.901467084884644|Min|1538|0|0|1958|805|1153|0|
|i|59.443259954452515|Min|3740|0|0|3898|805|3093|0|
|i|65.94910407066345|Min|4209|0|0|7008|822|6186|0|
|i|59.40333390235901|Min|3740|0|0|3898|805|3093|0|
|i|250.44904613494873|Min|8992|0|0|8752|805|7947|0|
|i|276.3796420097351|Min|9754|0|0|16716|822|15894|0|
|i|251.74362993240356|Min|8992|0|0|8752|805|7947|0|
|i|47.23542308807373|Min|3638|0|0|4587|1761|2826|0|
|i|53.514939069747925|Min|4234|0|0|7443|1791|5652|0|
|i|47.107372999191284|Min|3638|0|0|4587|1761|2826|0|
|i|98.85865497589111|Min|5841|0|0|6531|1761|4770|0|
|i|112.03660893440247|Min|6614|0|0|11331|1791|9540|0|
|i|98.26429891586304|Min|5841|0|0|6531|1761|4770|0|
|i|281.12748312950134|Min|10568|0|0|10877|1761|9116|0|
|i|307.07137989997864|Min|11636|0|0|20023|1791|18232|0|
|i|282.7835428714752|Min|10568|0|0|10877|1761|9116|0|
|i|11.425489902496338|Min|5616|0|0|5593|3992|1601|0|
|i|22.2033371925354|Min|11216|0|0|11193|7992|3201|0|
|i|4.170340061187744|Min|1416|0|0|1393|992|401|0|
|i|6.3445000648498535|Min|2816|0|0|2793|1992|801|0|
|i|1.8590099811553955|Min|18|8|0|20|18|2|0|
|i|1.7091948986053467|Min|18|8|0|21|19|2|0|
|i|2.174454927444458|Min|151|50|0|104|103|1|0|
|i|13.928692102432251|Min|601|200|0|404|403|1|0|
|i|2.538562059402466|Min|204|51|0|157|155|2|0|
|i|6.127763986587524|Min|404|101|0|307|305|2|0|
|i|27.847201108932495|Min|804|201|0|607|605|2|0|
|i|1.7286748886108398|Min|18|0|8|12|10|2|0|
|i|2.5032920837402344|Min|205|51|0|158|156|2|0|
|i|5.683938980102539|Min|405|101|0|308|306|2|0|
|i|24.886515855789185|Min|805|201|0|608|606|2|0|
|i|1.627695083618164|Min|61|0|0|140|85|55|0|
|i|1.8284940719604492|Min|61|0|0|104|31|73|0|
|i|1.9242491722106934|Min|119|0|0|278|157|121|0|
|i|2.1245808601379395|Min|119|0|0|198|49|149|0|
|i|2.5709550380706787|Min|237|0|0|556|309|247|0|
|i|3.0757060050964355|Min|237|0|0|392|85|307|0|
|i|2.747342824935913|Min|283|0|0|658|381|277|0|
|i|3.3112080097198486|Min|283|0|0|474|119|355|0|
|i|3.4201009273529053|Min|441|0|0|1038|569|469|0|
|i|4.1459808349609375|Min|441|0|0|726|143|583|0|
|i|6.267854928970337|Min|1061|0|0|2480|1405|1075|0|
|i|8.361238956451416|Min|1061|0|0|1764|453|1311|0|
|i|13.112003803253174|Min|2371|0|0|5558|3109|2449|0|
|i|17.954609155654907|Min|2371|0|0|3926|877|3049|0|
|i|84.54505705833435|Min|16965|0|0|39702|22386|17316|0|
|i|123.56027603149414|Min|16965|0|0|28158|6076|22082|0|
|i|105.61613893508911|Min|19917|0|0|46822|25858|20964|0|
|i|156.88578605651855|Min|19917|0|0|32846|6410|26436|0|
|i|2.207535982131958|Min|82|8|52|164|139|25|0|
|i|1.4405341148376465|Min|7|0|6|9|4|5|0|
|i|1.5843679904937744|Min|3|0|2|2|1|1|0|
|i|1.0351550579071045|Min|2|0|0|2|0|2|0|
|i|1.5461819171905518|Min|15|0|0|36|12|24|0|
|i|1.038295030593872|Min|3|0|0|1|0|1|0|
|i|1.4275619983673096|Min|3|0|1|3|2|1|0|
|i|1.414423942565918|Min|11|0|0|8|3|5|0|
|i|1.5573790073394775|Min|11|3|0|8|6|2|0|
|i|1.696768045425415|Min|21|0|0|28|9|19|0|
|i|21.386393070220947|Max|7177|400|0|6055|6054|1|0|
|i|3.1260929107666016|Max|785|60|0|750|749|1|0|
|i|2.776319980621338|Max|797|60|0|762|750|12|0|
|i|4.283247947692871|Min|1554|107|0|1926|1794|132|0|
|i|6.135378122329712|Min|2843|128|0|3126|2598|528|0|
|i|1.5435550212860107|Min|21|0|0|23|20|3|0|
|i|168.40771889686584|Min|226|225|0|31|30|1|0|
|i|23.901442050933838|Min|451|225|0|256|255|1|0|
|i|15.367095947265625|Min|51|0|0|3|2|1|0|
|i|2.1436989307403564|Min|101|0|0|53|52|1|0|
|i|1.8849091529846191|Min|80|0|0|32|31|1|0|
|i|1.469951868057251|Min|34|0|0|23|11|12|0|
|i|1.8072240352630615|Min|113|54|0|187|185|2|0|
|i|1.0875401496887207|Min|3|0|0|1|0|1|0|
|i|2.499152898788452|Min|464|14|0|581|580|1|0|
|i|3.892843008041382|Min|1113|0|0|803|1|802|0|
|i|6.110713005065918|Min|2213|0|0|1603|1|1602|0|
|i|10.82918381690979|Min|4413|0|0|3203|1|3202|0|
|i|2.7046661376953125|Min|563|0|0|403|1|402|0|
|i|3.1620359420776367|Min|608|0|0|503|1|502|0|
|i|4.531057119369507|Min|1208|0|0|1003|1|1002|0|
|i|7.662353038787842|Min|2408|0|0|2003|1|2002|0|
|i|2.2832508087158203|Min|308|0|0|253|1|252|0|
|i|5.3250110149383545|Min|1124|396|0|2978|2582|396|0|
|i|7.099052906036377|Min|1124|396|0|2978|2582|396|0|
|i|2.096756935119629|Max|309|37|0|430|427|3|0|
|i|1.924621820449829|Max|171|69|0|287|284|3|0|
|i|2.8163468837738037|Max|701|148|0|1046|1040|6|0|
|i|2.6582818031311035|Max|361|148|0|770|764|6|0|
|i|3.5556628704071045|Max|1051|222|0|1699|1690|9|0|
|i|2.9958388805389404|Max|541|222|0|1285|1276|9|0|
|i|4.124884128570557|Max|1401|296|0|2439|2427|12|0|
|i|3.68605899810791|Max|721|296|0|1887|1875|12|0|
|i|2.188228130340576|Max|344|42|0|484|478|6|0|
|i|1.9399001598358154|Max|186|74|0|313|307|6|0|
|i|2.9946041107177734|Max|791|168|0|1189|1177|12|0|
|i|2.644843816757202|Max|411|168|0|867|855|12|0|
|i|3.6451680660247803|Max|1186|252|0|1936|1918|18|0|
|i|3.1576430797576904|Max|616|252|0|1453|1435|18|0|
|i|4.546054840087891|Max|1581|336|0|2785|2761|24|0|
|i|3.7777059078216553|Max|821|336|0|2141|2117|24|0|
|i|2.3738667964935303|Max|388|47|0|553|542|11|0|
|i|2.1066579818725586|Max|206|79|0|348|337|11|0|
|i|3.2841758728027344|Max|899|188|0|1362|1340|22|0|
|i|2.776419162750244|Max|471|188|0|982|960|22|0|
|i|4.146267890930176|Max|1348|282|0|2218|2185|33|0|
|i|3.4137020111083984|Max|706|282|0|1648|1615|33|0|
|i|4.999440908432007|Max|1797|376|0|3191|3147|44|0|
|i|4.036355972290039|Max|941|376|0|2431|2387|44|0|
|i|2.4226930141448975|Max|418|52|0|605|591|14|0|
|i|2.106484889984131|Max|216|84|0|372|358|14|0|
|i|3.4112679958343506|Max|979|208|0|1501|1473|28|0|
|i|2.913662910461426|Max|511|208|0|1075|1047|28|0|
|i|4.187144994735718|Max|1468|312|0|2449|2407|42|0|
|i|3.5228078365325928|Max|766|312|0|1810|1768|42|0|
|i|5.278175115585327|Max|1957|416|0|3529|3473|56|0|
|i|4.338567018508911|Max|1021|416|0|2677|2621|56|0|
|i|2.517237901687622|Max|495|62|0|717|697|20|0|
|i|2.287266969680786|Max|251|94|0|426|406|20|0|
|i|3.7404651641845703|Max|1173|248|0|1795|1755|40|0|
|i|3.009775161743164|Max|621|248|0|1273|1233|40|0|
|i|4.713914155960083|Max|1759|372|0|2935|2875|60|0|
|i|3.933398962020874|Max|931|372|0|2152|2092|60|0|
|i|6.117867946624756|Max|2345|496|0|4237|4157|80|0|
|i|4.9620521068573|Max|1241|496|0|3193|3113|80|0|
|i|2.7223398685455322|Max|569|72|0|838|810|28|0|
|i|2.2187609672546387|Max|281|104|0|485|457|28|0|
|i|3.949198007583618|Max|1361|288|0|2107|2051|56|0|
|i|3.2233870029449463|Max|721|288|0|1481|1425|56|0|
|i|5.290308952331543|Max|2041|432|0|3448|3364|84|0|
|i|4.356603145599365|Max|1081|432|0|2509|2425|84|0|
|i|7.072420120239258|Max|2721|576|0|4981|4869|112|0|
|i|5.453990936279297|Max|1441|576|0|3729|3617|112|0|
|i|79.32800507545471|Min|4408|400|0|6206|2406|3800|0|
|i|1.3796019554138184|Min|18|0|0|11|10|1|0|
|i|1.4019739627838135|Min|5|0|0|3|1|2|0|
|i|1.6532108783721924|Min|30|2|0|32|26|6|0|
|i|3.896047830581665|Min|498|50|0|1311|1180|131|0|
|i|4.132312059402466|Min|642|20|0|1129|908|221|0|
|i|3.98073410987854|Min|232|62|0|2089|2074|15|0|
|i|2.1416780948638916|Min|200|30|0|349|334|15|0|
|i|1.8705401420593262|Min|172|9|0|209|194|15|0|
|i|3.9020681381225586|Min|294|62|0|2162|2147|15|0|
|i|2.1856229305267334|Min|262|30|0|422|407|15|0|
|i|2.011354923248291|Min|234|9|0|282|267|15|0|
|i|4.132783889770508|Min|356|62|0|2235|2220|15|0|
|i|2.25642991065979|Min|324|30|0|495|480|15|0|
|i|2.1353230476379395|Min|296|9|0|355|340|15|0|
|i|3.946674108505249|Min|247|92|0|2166|2136|30|0|
|i|2.2402470111846924|Min|215|60|0|394|364|30|0|
|i|1.8936238288879395|Min|187|39|0|240|210|30|0|
|i|4.108695030212402|Min|324|107|0|2269|2224|45|0|
|i|2.277384042739868|Min|292|75|0|497|452|45|0|
|i|2.041944980621338|Min|264|54|0|343|298|45|0|
|i|4.196914911270142|Min|401|122|0|2372|2312|60|0|
|i|2.5094921588897705|Min|369|90|0|600|540|60|0|
|i|2.2079741954803467|Min|341|69|0|446|386|60|0|
|i|1.5383827686309814|Min|11|0|0|18|10|8|0|
|i|82.18871903419495|Min|1697|8|0|17086|1966|15120|0|
|i|1.8096179962158203|Min|141|24|0|175|174|1|0|
|i|1.5411419868469238|Min|45|24|0|55|54|1|0|
|i|1.9499309062957764|Min|231|40|0|291|290|1|0|
|i|1.6267740726470947|Min|71|40|0|91|90|1|0|
|i|2.2423899173736572|Min|343|60|0|436|435|1|0|
|i|1.6879310607910156|Min|103|60|0|136|135|1|0|
|i|2.644728899002075|Min|477|84|0|610|609|1|0|
|i|1.796619176864624|Min|141|84|0|190|189|1|0|
|i|2.8031909465789795|Min|633|112|0|813|812|1|0|
|i|1.9225099086761475|Min|185|112|0|253|252|1|0|
|i|2.9856069087982178|Min|811|144|0|1045|1044|1|0|
|i|2.040724992752075|Min|235|144|0|325|324|1|0|
|i|3.3547961711883545|Min|1011|180|0|1306|1305|1|0|
|i|2.2118661403656006|Min|291|180|0|406|405|1|0|
|i|1.8177680969238281|Min|31|0|30|4|3|1|0|
|i|1.8073740005493164|Min|31|0|30|4|3|1|0|
|i|1.8506710529327393|Min|31|0|30|4|3|1|0|
|i|1.815459966659546|Min|31|0|30|4|3|1|0|
|i|1.8008389472961426|Min|31|0|30|4|3|1|0|
|i|1.845047950744629|Min|31|0|30|4|3|1|0|
|i|1.8285799026489258|Min|31|0|30|4|3|1|0|
|i|1.9371960163116455|Min|31|0|30|4|3|1|0|
|i|1.9489409923553467|Min|31|0|30|4|3|1|0|
|i|1.8278429508209229|Min|31|0|30|4|3|1|0|
|i|1.8312978744506836|Min|31|0|30|4|3|1|0|
|i|1.8540167808532715|Min|31|0|30|4|3|1|0|
|i|1.8096790313720703|Min|31|0|30|4|3|1|0|
|i|1.971433162689209|Min|31|0|30|4|3|1|0|
|i|1.8574371337890625|Min|31|0|30|4|3|1|0|
|i|1.8054981231689453|Min|31|0|30|4|3|1|0|
|i|1.8305130004882812|Min|31|0|30|4|3|1|0|
|i|1.8365750312805176|Min|31|0|30|4|3|1|0|
|i|1.851207971572876|Min|31|0|30|4|3|1|0|
|i|1.8513920307159424|Min|31|0|30|4|3|1|0|
|i|1.860727071762085|Min|31|0|30|4|3|1|0|
|i|1.920469045639038|Min|31|0|30|4|3|1|0|
|i|1.8490939140319824|Min|31|0|30|4|3|1|0|
|i|1.8515567779541016|Min|31|0|30|4|3|1|0|
|i|1.9555690288543701|Min|31|0|30|4|3|1|0|
|i|1.9652729034423828|Min|31|0|30|4|3|1|0|
|i|1.931217908859253|Min|31|0|30|4|3|1|0|
|i|1.8013861179351807|Min|31|0|30|4|3|1|0|
|i|1.8251309394836426|Min|31|0|30|4|3|1|0|
|i|1.8107130527496338|Min|31|0|30|4|3|1|0|
|i|11.417320013046265|Min|101|0|100|4|3|1|0|
|i|11.4318368434906|Min|101|0|100|4|3|1|0|
|i|11.387551069259644|Min|101|0|100|4|3|1|0|
|i|11.51125192642212|Min|101|0|100|4|3|1|0|
|i|11.641731023788452|Min|101|0|100|4|3|1|0|
|i|11.42029595375061|Min|101|0|100|4|3|1|0|
|i|11.520610094070435|Min|101|0|100|4|3|1|0|
|i|11.431621074676514|Min|101|0|100|4|3|1|0|
|i|11.519897937774658|Min|101|0|100|4|3|1|0|
|i|11.543004989624023|Min|101|0|100|4|3|1|0|
|i|11.57067608833313|Min|101|0|100|4|3|1|0|
|i|11.525410175323486|Min|101|0|100|4|3|1|0|
|i|11.386817932128906|Min|101|0|100|4|3|1|0|
|i|11.526878833770752|Min|101|0|100|4|3|1|0|
|i|11.650262117385864|Min|101|0|100|4|3|1|0|
|i|11.410672903060913|Min|101|0|100|4|3|1|0|
|i|11.648751020431519|Min|101|0|100|4|3|1|0|
|i|11.538213014602661|Min|101|0|100|4|3|1|0|
|i|11.458992958068848|Min|101|0|100|4|3|1|0|
|i|11.502051830291748|Min|101|0|100|4|3|1|0|
|i|11.52407717704773|Min|101|0|100|4|3|1|0|
|i|11.491910934448242|Min|101|0|100|4|3|1|0|
|i|11.431699991226196|Min|101|0|100|4|3|1|0|
|i|11.411761999130249|Min|101|0|100|4|3|1|0|
|i|11.528978109359741|Min|101|0|100|4|3|1|0|
|i|11.548195123672485|Min|101|0|100|4|3|1|0|
|i|11.39555287361145|Min|101|0|100|4|3|1|0|
|i|11.443540096282959|Min|101|0|100|4|3|1|0|
|i|11.410037994384766|Min|101|0|100|4|3|1|0|
|i|11.481640815734863|Min|101|0|100|4|3|1|0|
|i|2.179442882537842|Min|894|750|0|236|211|25|0|
|i|2.0464529991149902|Min|384|240|0|202|177|25|0|
|i|13.615075826644897|Min|5538|0|960|6498|5538|960|0|
|i|1.9920411109924316|Min|70|30|0|73|65|8|0|
|i|1.1474800109863281|Max|16|15|0|1|0|1|0|
|i|1.1483371257781982|Max|29|28|0|1|0|1|0|
|i|1.264279842376709|Max|46|45|0|1|0|1|0|
|i|1.4258630275726318|Max|67|66|0|1|0|1|0|
|i|1.7605011463165283|Max|92|21|0|1|0|1|0|
|i|2.1588470935821533|Max|121|120|0|1|0|1|0|
|i|2.772373914718628|Max|154|153|0|1|0|1|0|
|i|3.661339044570923|Max|191|190|0|1|0|1|0|
|i|5.080717086791992|Max|232|231|0|1|0|1|0|
|i|6.8005640506744385|Max|277|276|0|1|0|1|0|
|i|9.573678016662598|Max|326|325|0|1|0|1|0|
|i|12.259580850601196|Max|379|378|0|1|0|1|0|
|i|15.993839025497437|Max|436|435|0|1|0|1|0|
|i|22.41328001022339|Max|497|496|0|1|0|1|0|
|i|30.314645051956177|Max|562|561|0|1|0|1|0|
|i|39.86872100830078|Max|631|630|0|1|0|1|0|
|i|53.88046097755432|Max|704|703|0|1|0|1|0|
|i|72.60372710227966|Max|781|780|0|1|0|1|0|
|i|95.54572200775146|Max|862|861|0|1|0|1|0|
|i|138.89138007164001|Max|947|946|0|1|0|1|0|
|i|201.69092082977295|Max|1036|1035|0|1|0|1|0|
|i|317.2091040611267|Max|1129|1128|0|1|0|1|0|
|i|378.4829089641571|Max|1226|1225|0|1|0|1|0|
|i|1.6302490234375|Min|18|11|1|9|3|6|0|
|i|1.9823741912841797|Min|261|10|0|276|275|1|0|
|i|2.764805793762207|Min|511|10|0|526|276|250|0|
|i|2.29286789894104|Min|411|10|0|441|440|1|0|
|i|3.3996479511260986|Min|811|10|0|841|441|400|0|
|i|3.0543100833892822|Min|811|10|0|881|880|1|0|
|i|5.769500970840454|Min|1611|10|0|1681|881|800|0|
|i|3.3375749588012695|Min|916|15|0|961|960|1|0|
|i|6.392142057418823|Min|1816|15|0|1861|961|900|0|
|i|3.869338035583496|Min|1216|15|0|1281|1280|1|0|
|i|8.60492992401123|Min|2416|15|0|2481|1281|1200|0|
|i|3.2420241832733154|Min|821|20|0|841|840|1|0|
|i|5.729547023773193|Min|1621|20|0|1641|841|800|0|
|i|3.636815071105957|Min|1021|20|0|1051|1050|1|0|
|i|7.061522006988525|Min|2021|20|0|2051|1051|1000|0|
|i|8.58874797821045|Min|3021|20|0|3151|3150|1|0|
|i|30.463881969451904|Min|6021|20|0|6151|3151|3000|0|
|i|2.9378299713134766|Min|651|25|0|651|650|1|0|
|i|4.611932992935181|Min|1276|25|0|1276|651|625|0|
|i|3.1838860511779785|Min|776|25|0|781|780|1|0|
|i|5.375614166259766|Min|1526|25|0|1531|781|750|0|
|i|3.811038017272949|Min|1026|25|0|1041|1040|1|0|
|i|7.000486850738525|Min|2026|25|0|2041|1041|1000|0|
|i|9.389230966567993|Min|3031|30|0|3101|3100|1|0|
|i|30.980724096298218|Min|6031|30|0|6101|3101|3000|0|
|i|14.12903618812561|Min|4531|30|0|4651|4650|1|0|
|i|63.41848111152649|Min|9031|30|0|9151|4651|4500|0|
|i|10.410828113555908|Min|3241|40|0|3281|3280|1|0|
|i|34.74553203582764|Min|6441|40|0|6481|3281|3200|0|
|i|1.6307179927825928|Min|40|0|0|28|27|1|0|
|i|1.6589388847351074|Min|61|44|0|41|29|12|0|
|i|1.6493968963623047|Min|61|44|0|41|29|12|0|
|i|1.7429189682006836|Min|96|75|0|53|38|15|0|
|i|1.6985881328582764|Min|96|75|0|53|38|15|0|
|i|1.8139228820800781|Min|89|72|0|48|36|12|0|
|i|1.6513950824737549|Min|89|72|0|48|36|12|0|
|i|1.8334870338439941|Min|133|108|0|64|46|18|0|
|i|1.7491090297698975|Min|133|108|0|64|46|18|0|
|i|1.7904880046844482|Min|177|144|0|80|56|24|0|
|i|1.8499250411987305|Min|177|144|0|80|56|24|0|
|i|1.7371511459350586|Min|162|133|0|73|52|21|0|
|i|1.7815217971801758|Min|162|133|0|73|52|21|0|
|i|1.7648990154266357|Min|151|126|0|67|49|18|0|
|i|1.7605259418487549|Min|151|126|0|67|49|18|0|
|i|1.818114995956421|Min|201|168|0|83|59|24|0|
|i|1.8529119491577148|Min|201|168|0|83|59|24|0|
|i|1.6860949993133545|Min|109|92|0|53|41|12|0|
|i|1.795788049697876|Min|109|92|0|53|41|12|0|
|i|1.8281030654907227|Min|217|184|0|85|61|24|0|
|i|1.9037070274353027|Min|217|184|0|85|61|24|0|
|i|1.8370380401611328|Min|233|200|0|87|63|24|0|
|i|1.8567159175872803|Min|233|200|0|87|63|24|0|
|i|1.7928330898284912|Min|129|112|0|58|46|12|0|
|i|1.7055368423461914|Min|129|112|0|58|46|12|0|
|i|1.9020779132843018|Min|257|224|0|90|66|24|0|
|i|1.9213058948516846|Min|257|224|0|90|66|24|0|
|i|2.4367880821228027|Min|469|0|0|109|108|1|0|
|i|1.71077299118042|Min|481|432|0|98|97|1|0|
|i|1.507615089416504|Min|11|0|0|11|10|1|0|
|i|1.5345640182495117|Min|11|0|0|11|10|1|0|
|i|1.3802809715270996|Min|5|0|0|7|6|1|0|
|i|1.4792399406433105|Min|5|0|0|5|4|1|0|
|i|1.4018590450286865|Min|5|0|0|6|5|1|0|
|i|1.4466559886932373|Min|4|0|0|6|5|1|0|
|i|1.3809311389923096|Min|7|0|0|2|1|1|0|
|i|1.3964190483093262|Min|7|0|0|5|4|1|0|
|i|1.4932241439819336|Min|5|0|0|7|6|1|0|
|i|1.5069270133972168|Min|5|0|0|3|2|1|0|
|i|1.3618099689483643|Min|4|0|0|2|1|1|0|
|i|1.3374950885772705|Min|3|0|0|2|1|1|0|
|i|1.3699030876159668|Min|4|0|0|4|1|3|0|
|i|1.5397160053253174|Min|11|0|0|8|3|5|0|
|i|1.0455830097198486|Min|5|0|0|3|0|3|0|
|i|1.6542770862579346|Min|6|0|0|4|2|2|0|
|i|1.382972002029419|Min|4|0|0|4|3|1|0|
|i|1.6430590152740479|Min|11|0|0|8|5|3|0|
|i|1.409527063369751|Min|3|0|0|3|1|2|0|
|i|1.0354671478271484|Min|3|0|0|2|0|2|0|
|i|1.366853952407837|Min|4|0|0|3|1|2|0|
|i|1.5983319282531738|Min|5|0|0|4|3|1|0|
|i|1.6076369285583496|Min|3|1|0|3|2|1|0|
|i|1.4855639934539795|Min|12|4|0|14|9|5|0|
|i|1.5827569961547852|Min|6|3|0|6|4|2|0|
|i|1.381350040435791|Min|13|0|0|10|5|5|0|
|i|1.6041171550750732|Min|3|0|0|2|1|1|0|
|i|1.3885321617126465|Min|3|0|0|5|3|2|0|
|i|1.4899210929870605|Min|3|0|0|3|1|2|0|
|i|1.5620691776275635|Min|7|0|0|7|6|1|0|
|i|1.620575189590454|Min|3|0|0|6|5|1|0|
|i|1.3770499229431152|Min|3|0|0|3|2|1|0|
|i|1.3805601596832275|Min|3|0|0|5|4|1|0|
|i|1.4902749061584473|Min|5|0|0|9|8|1|0|
|i|1.3893179893493652|Min|3|0|0|5|4|1|0|
|i|1.5920050144195557|Min|5|2|0|7|6|1|0|
|i|1.444180965423584|Min|10|0|0|5|1|4|0|
|i|1.470916986465454|Min|12|8|0|8|4|4|0|
|i|1.4193809032440186|Min|15|0|0|16|11|5|0|
|i|1.7066519260406494|Min|113|24|0|136|131|5|0|
|i|1.714400053024292|Min|36|0|19|19|6|13|0|
|i|1.5188071727752686|Min|10|0|0|7|4|3|0|
|i|1.5594031810760498|Min|7|0|0|5|1|4|0|
|i|1.6688649654388428|Min|33|7|0|40|39|1|0|
|i|1.1428298950195312|Min|3|0|1|3|0|3|0|
|i|1.413409948348999|Min|5|0|0|2|1|1|0|
|i|1.4841220378875732|Min|5|0|2|4|2|2|0|
|i|1.6210639476776123|Min|5|0|3|9|5|4|0|
|i|1.031378984451294|Min|5|0|0|3|0|3|0|
|i|1.417849063873291|Min|8|0|0|3|2|1|0|
|i|1.703977108001709|Min|21|0|0|11|10|1|0|
|i|1.6758408546447754|Min|21|0|0|11|10|1|0|
|i|1.657289981842041|Min|21|0|0|11|10|1|0|
|i|1.6177239418029785|Min|21|0|0|11|10|1|0|
|i|1.5524299144744873|Min|21|0|0|11|10|1|0|
|i|1.4773039817810059|Min|25|0|0|21|20|1|0|
|i|1.6299350261688232|Min|5|0|0|9|8|1|0|
|i|1.3828189373016357|Min|5|0|0|10|9|1|0|
|i|1.4955899715423584|Min|5|0|0|9|8|1|0|
|i|1.4076061248779297|Min|6|0|0|8|7|1|0|
|i|1.545551061630249|Min|5|0|0|9|8|1|0|
|i|1.5099201202392578|Min|8|0|0|14|13|1|0|
|i|1.523169994354248|Min|6|0|0|12|11|1|0|
|i|1.521286964416504|Min|6|0|0|9|8|1|0|
|i|1.3812170028686523|Min|3|0|0|4|3|1|0|
|i|1.400231122970581|Min|9|0|0|8|7|1|0|
|i|1.4428210258483887|Min|9|0|0|8|7|1|0|
|i|1.6606018543243408|Min|11|0|0|14|13|1|0|
|i|1.6267991065979004|Min|21|0|0|12|11|1|0|
|i|1.7666070461273193|Min|31|0|0|22|21|1|0|
|i|1.4763591289520264|Min|6|0|5|2|1|1|0|
|i|1.4143929481506348|Min|5|0|4|4|3|1|0|
|i|1.4553720951080322|Min|3|0|2|2|1|1|0|
|i|1.5765440464019775|Min|7|0|3|5|4|1|0|
|i|1.6076900959014893|Min|8|0|2|14|13|1|0|
|i|1.5094079971313477|Min|4|0|0|5|4|1|0|
|i|1.4887769222259521|Min|7|0|0|6|5|1|0|
|i|1.6163289546966553|Min|3|0|0|5|4|1|0|
|i|1.4063501358032227|Min|4|0|0|5|4|1|0|
|i|1.4071450233459473|Min|4|0|0|5|4|1|0|
|i|1.518345832824707|Min|4|0|0|11|10|1|0|
|i|1.5380899906158447|Min|4|0|0|11|10|1|0|
|i|1.6308131217956543|Min|5|0|0|5|4|1|0|
|i|1.3908929824829102|Min|7|0|0|6|5|1|0|
|i|1.508810043334961|Min|4|0|0|10|9|1|0|
|i|1.4067869186401367|Min|7|0|0|6|5|1|0|
|i|1.5934300422668457|Min|3|0|0|6|5|1|0|
|i|1.5879571437835693|Min|3|0|0|3|2|1|0|
|i|1.5449140071868896|Min|6|0|0|6|5|1|0|
|i|1.755676031112671|Min|11|0|0|11|10|1|0|
|i|1.592027187347412|Min|11|0|0|11|10|1|0|
|i|1.6021230220794678|Min|11|0|0|11|10|1|0|
|i|1.597877025604248|Min|11|0|0|11|10|1|0|
|i|1.3822269439697266|Min|3|0|0|5|4|1|0|
|i|1.5463149547576904|Min|7|0|0|13|12|1|0|
|i|1.5532269477844238|Min|12|0|0|23|22|1|0|
|i|1.415600061416626|Min|9|0|0|9|2|7|0|
|i|1.3814401626586914|Min|11|0|0|6|5|1|0|
|i|1.4623630046844482|Min|21|0|0|11|10|1|0|
|i|1.5627269744873047|Min|21|0|0|21|20|1|0|
|i|1.5354750156402588|Min|31|0|0|21|20|1|0|
|i|1.5920259952545166|Min|41|0|0|21|20|1|0|
|i|1.7771739959716797|Min|51|0|0|21|20|1|0|
|i|1.456475019454956|Min|6|0|5|2|1|1|0|
|i|1.5434579849243164|Min|7|0|6|3|2|1|0|
|i|1.5470361709594727|Min|14|0|13|11|10|1|0|
|i|1.5616061687469482|Min|7|0|6|6|5|1|0|
|i|1.608177900314331|Min|11|0|10|12|11|1|0|
|i|1.5595788955688477|Min|11|0|10|6|5|1|0|
|i|1.4935369491577148|Min|25|0|24|21|20|1|0|
|i|1.434669017791748|Min|11|0|10|6|5|1|0|
|i|1.510423183441162|Min|21|0|20|21|20|1|0|
|i|1.657627820968628|Min|4|0|3|11|10|1|0|
|i|1.3769519329071045|Min|4|0|0|6|5|1|0|
|i|4.756011009216309|Min|1308|44|0|1659|1285|374|0|
|i|4.69858193397522|Min|1308|44|0|1659|1285|374|0|
|i|4.79592490196228|Min|1308|44|0|1659|1285|374|0|
|i|4.264370918273926|Min|1056|44|0|1343|1103|240|0|
|i|1.6141819953918457|Min|28|3|0|31|25|6|0|
|i|1.9519639015197754|Min|151|27|0|256|255|1|0|
|i|47.81058096885681|Min|2941|460|0|5301|5300|1|0|
|i|3.5485920906066895|Min|446|70|0|836|835|1|0|
|i|1.8605659008026123|Min|94|27|0|115|114|1|0|
|i|8.02868390083313|Min|1441|460|0|1841|1840|1|0|
|i|2.098180055618286|Min|231|70|0|281|280|1|0|
|i|90.02642393112183|Min|5151|1680|0|6581|6580|1|0|
|i|1.6558129787445068|Max|43|5|0|59|56|3|0|
|i|1.6124022006988525|Max|21|5|0|29|26|3|0|
|i|1.751349925994873|Max|105|20|0|152|146|6|0|
|i|1.8304388523101807|Max|61|20|0|102|96|6|0|
|i|1.9088819026947021|Max|157|30|0|250|241|9|0|
|i|1.8005859851837158|Max|91|30|0|175|166|9|0|
|i|2.0556509494781494|Max|209|40|0|363|351|12|0|
|i|1.8818418979644775|Max|121|40|0|263|251|12|0|
|i|1.7377510070800781|Max|78|10|0|113|107|6|0|
|i|1.6793410778045654|Max|36|10|0|55|49|6|0|
|i|1.955920934677124|Max|195|40|0|295|283|12|0|
|i|1.9571130275726318|Max|111|40|0|199|187|12|0|
|i|2.180986166000366|Max|292|60|0|487|469|18|0|
|i|1.9651179313659668|Max|166|60|0|343|325|18|0|
|i|2.652458906173706|Max|389|80|0|709|685|24|0|
|i|2.3090338706970215|Max|221|80|0|517|493|24|0|
|i|1.9539878368377686|Max|122|15|0|182|171|11|0|
|i|1.679337978363037|Max|56|15|0|90|79|11|0|
|i|2.2308149337768555|Max|303|60|0|468|446|22|0|
|i|2.014878988265991|Max|171|60|0|314|292|22|0|
|i|2.5813100337982178|Max|454|90|0|769|736|33|0|
|i|2.3578670024871826|Max|256|90|0|538|505|33|0|
|i|3.0830299854278564|Max|605|120|0|1115|1071|44|0|
|i|2.6102209091186523|Max|341|120|0|807|763|44|0|
|i|1.9053399562835693|Max|152|20|0|234|220|14|0|
|i|1.7661678791046143|Max|66|20|0|114|100|14|0|
|i|2.4086029529571533|Max|383|80|0|607|579|28|0|
|i|2.0989811420440674|Max|211|80|0|407|379|28|0|
|i|2.8161118030548096|Max|574|120|0|1000|958|42|0|
|i|2.6209449768066406|Max|316|120|0|700|658|42|0|
|i|3.21435809135437|Max|765|160|0|1453|1397|56|0|
|i|2.8224339485168457|Max|421|160|0|1053|997|56|0|
|i|2.0787200927734375|Max|229|30|0|346|326|20|0|
|i|1.9004240036010742|Max|101|30|0|168|148|20|0|
|i|2.773036003112793|Max|577|120|0|901|861|40|0|
|i|2.557378053665161|Max|321|120|0|605|565|40|0|
|i|3.313904047012329|Max|865|180|0|1486|1426|60|0|
|i|2.889220952987671|Max|481|180|0|1042|982|60|0|
|i|4.055596828460693|Max|1153|240|0|2161|2081|80|0|
|i|3.471640110015869|Max|641|240|0|1569|1489|80|0|
|i|2.3527920246124268|Max|303|40|0|467|439|28|0|
|i|1.876952886581421|Max|131|40|0|227|199|28|0|
|i|3.0768940448760986|Max|765|160|0|1213|1157|56|0|
|i|2.6164710521698|Max|421|160|0|813|757|56|0|
|i|3.8676881790161133|Max|1147|240|0|1999|1915|84|0|
|i|3.151160955429077|Max|631|240|0|1399|1315|84|0|
|i|4.800223112106323|Max|1529|320|0|2905|2793|112|0|
|i|3.795969009399414|Max|841|320|0|2105|1993|112|0|
|i|1.7025630474090576|Min|57|12|0|65|64|1|0|
|i|1.5880918502807617|Min|7|3|0|7|4|3|0|
|i|1.5867300033569336|Min|12|5|0|15|11|4|0|
|i|1.6562778949737549|Min|18|8|0|24|19|5|0|
|i|21.16455316543579|Min|1003|0|0|29|5|24|0|
|i|1.6960210800170898|Min|47|9|0|74|53|21|0|
|i|117.0150830745697|Min|4285|4200|0|5079|1551|3528|0|
|i|79.4610550403595|Min|5199|5152|0|3467|2409|1058|0|
|i|52.49737000465393|Min|3571|3528|0|2941|2059|882|0|
|i|1.826552152633667|Min|169|12|156|73|61|12|0|
|i|1.6157159805297852|Min|9|2|6|13|11|2|0|
|i|1.5799059867858887|Min|25|4|20|25|21|4|0|
|i|1.6463651657104492|Min|36|5|30|31|26|5|0|
|i|1.7573580741882324|Min|49|6|42|37|31|6|0|
|i|1.7126011848449707|Min|64|7|56|43|36|7|0|
|i|1.6709749698638916|Min|49|6|42|54|48|6|0|
|i|3.706743001937866|Min|813|656|12|385|373|12|0|
|i|1.7700870037078857|Min|38|31|2|25|23|2|0|
|i|1.8255958557128906|Min|106|85|4|65|61|4|0|
|i|1.8907759189605713|Min|162|131|5|91|86|5|0|
|i|2.1178369522094727|Min|216|173|6|121|115|6|0|
|i|2.2686240673065186|Min|346|289|7|155|148|7|0|
|i|1.622967004776001|Min|49|12|36|55|52|3|0|
|i|355.64500093460083|Min|5309|0|0|5|3|2|0|
|i|30.37528705596924|Min|1409|0|0|5|3|2|0|
|i|99.09399700164795|Min|2709|0|0|5|3|2|0|
|i|209.2554111480713|Min|4009|0|0|5|3|2|0|
|i|1.8475210666656494|Min|70|9|0|140|85|55|0|
|i|1.7241687774658203|Min|70|9|0|104|31|73|0|
|i|2.1083829402923584|Min|139|20|0|278|157|121|0|
|i|2.164309024810791|Min|139|20|0|198|49|149|0|
|i|2.7382829189300537|Min|278|41|0|556|309|247|0|
|i|2.838878870010376|Min|278|41|0|392|85|307|0|
|i|2.974858045578003|Min|329|46|0|658|381|277|0|
|i|3.0347249507904053|Min|329|46|0|474|119|355|0|
|i|3.707498073577881|Min|519|78|0|1038|569|469|0|
|i|3.878998041152954|Min|519|78|0|726|143|583|0|
|i|6.959326982498169|Min|1240|179|0|2480|1405|1075|0|
|i|7.440428972244263|Min|1240|179|0|1764|453|1311|0|
|i|14.723932027816772|Min|2779|408|0|5558|3109|2449|0|
|i|15.838565111160278|Min|2779|408|0|3926|877|3049|0|
|i|96.08985710144043|Min|19851|2886|0|39702|22386|17316|0|
|i|104.92606401443481|Min|19851|2886|0|28158|6076|22082|0|
|i|121.32873010635376|Min|23411|3494|0|46822|25858|20964|0|
|i|132.80585622787476|Min|23411|3494|0|32846|6410|26436|0|
|i|2.319974184036255|Min|170|0|0|191|1|190|0|
|i|1.0232210159301758|Min|2|0|0|2|0|2|0|
|i|1.0514459609985352|Min|3|0|0|3|0|3|0|
|i|16.551477909088135|Min|5008|0|0|4010|9|4001|0|
|i|1.5025269985198975|Min|21|10|0|11|5|6|0|
|i|1.6411919593811035|Min|45|28|0|19|10|9|0|
|i|1.6209220886230469|Min|66|45|0|22|11|11|0|
|i|1.6818671226501465|Min|91|66|0|27|14|13|0|
|i|1.924288034439087|Min|136|105|0|35|19|16|0|
|i|3.0224339962005615|Min|519|0|0|288|287|1|0|
|i|24.923120975494385|Min|961|720|0|5330|5329|1|0|
|i|20.500483989715576|Min|961|720|0|5330|5329|1|0|
|i|16.82838201522827|Min|6793|58|0|7031|1266|5765|0|
|i|1.8459198474884033|Min|146|28|0|168|164|4|0|
|i|4.047049045562744|Min|574|12|0|465|193|272|0|
|i|3.8451762199401855|Min|574|12|0|465|193|272|0|
|i|1.9499340057373047|Min|157|30|54|143|100|43|0|
|i|1.562258005142212|Min|6|0|0|6|2|4|0|
|i|6.158427953720093|Min|2485|400|0|1992|624|1368|0|
|i|1.5494170188903809|Min|53|27|0|31|15|16|0|
|i|1.6665380001068115|Min|77|44|0|39|19|20|0|
|i|1.6824750900268555|Min|105|65|0|47|23|24|0|
|i|1.6050729751586914|Min|137|90|0|55|27|28|0|
|i|1.4167490005493164|Min|20|0|0|15|12|3|0|
|i|1.4253551959991455|Min|42|0|0|45|33|12|0|
|i|1.5232200622558594|Min|24|0|0|22|16|6|0|
|i|1.4480860233306885|Min|56|0|0|66|48|18|0|
|i|1.5167820453643799|Min|47|0|0|41|29|12|0|
|i|1.6363341808319092|Min|134|0|0|152|104|48|0|
|i|1.5384960174560547|Min|119|0|0|43|35|8|0|
|i|2.0110960006713867|Min|304|0|0|252|140|112|0|
|i|1.5871059894561768|Min|197|0|0|58|47|11|0|
|i|2.4157559871673584|Min|517|0|0|408|188|220|0|
|i|1.8683998584747314|Min|383|0|0|84|68|16|0|
|i|3.1622769832611084|Min|1040|0|0|783|303|480|0|
|i|1.5196430683135986|Min|75|0|0|47|35|12|0|
|i|1.7845361232757568|Min|209|0|0|205|115|90|0|
|i|1.474740982055664|Min|47|0|0|41|29|12|0|
|i|1.763484001159668|Min|134|0|0|152|104|48|0|
|i|1.5963799953460693|Min|42|0|0|26|10|16|0|
|i|1.876932144165039|Min|196|126|0|138|123|15|0|
|i|149.08938813209534|Min|106712|7|0|107210|107209|1|0|
|i|11.342052936553955|Min|196|7|0|284|283|1|0|
|i|157.59210586547852|Min|107223|14|0|108218|108217|1|0|
|i|118.47720098495483|Min|385|14|0|557|556|1|0|
|i|1.6424260139465332|Min|75|20|0|84|67|17|0|
|i|2.3930628299713135|Min|233|72|0|250|204|46|0|
|i|1.9055030345916748|Min|167|9|0|205|140|65|0|
|i|2.265458106994629|Min|333|18|0|411|281|130|0|
|i|2.6339800357818604|Min|499|27|0|617|422|195|0|
|i|2.8960440158843994|Min|665|36|0|823|563|260|0|
|i|3.5809030532836914|Min|997|54|0|1235|845|390|0|
|i|4.325753927230835|Min|1495|81|0|1853|1268|585|0|
|i|5.002589225769043|Min|1993|108|0|2471|1691|780|0|
|i|6.671012878417969|Min|2989|162|0|3707|2537|1170|0|
|i|8.633618116378784|Min|3985|216|0|4943|3383|1560|0|
|i|2.11306095123291|Min|361|5|0|320|291|29|0|
|i|2.3505189418792725|Min|421|5|0|380|225|155|0|
|i|1.4287970066070557|Min|41|0|0|39|25|14|0|
|i|1.6529099941253662|Min|91|0|0|96|56|40|0|
|i|1.5622119903564453|Min|65|0|0|65|37|28|0|
|i|1.8696460723876953|Min|126|0|0|136|70|66|0|
|i|1.5313000679016113|Min|75|0|0|67|40|27|0|
|i|1.5564699172973633|Min|61|0|0|65|37|28|0|
|i|1.8911070823669434|Min|147|0|0|136|70|66|0|
|i|1.6704649925231934|Min|122|0|0|88|52|36|0|
|i|2.7100830078125|Min|433|0|0|209|113|96|0|
|i|3.6301498413085938|Min|761|0|0|541|301|240|0|
|i|2.9988348484039307|Min|661|0|0|381|221|160|0|
|i|2.456791877746582|Min|325|0|0|240|130|110|0|
|i|1.7183380126953125|Min|71|14|0|55|39|16|0|
|i|1.8511738777160645|Min|196|126|0|138|123|15|0|
|i|1.5564148426055908|Min|66|0|0|13|12|1|0|
|i|1.463008165359497|Min|15|0|3|14|3|11|0|
