112
|NAME|LT|SENSE|VARS|BINVARS|INTVARS|CONS|LINCONS|NLCONS|OTHERCONS|
|----|--|-----|----|-------|-------|----|-------|------|---------|
|i|1.7573869228363037|Min|150|48|0|99|65|34|0|
|i|1.4407780170440674|Min|9|4|0|8|7|1|0|
|i|1.6422510147094727|Min|47|24|0|74|72|2|0|
|i|1.6019349098205566|Min|20|9|0|20|18|2|0|
|i|1.879357099533081|Min|158|52|0|115|68|47|0|
|i|3.0202951431274414|Min|841|180|0|899|719|180|0|
|i|6.331584930419922|Min|2249|45|0|2517|2027|490|0|
|i|2.4276390075683594|Min|297|88|0|285|165|120|0|
|i|1.656771183013916|Min|77|63|0|23|22|1|0|
|i|1.6563520431518555|Min|29|15|0|23|22|1|0|
|i|2.0209801197052|Min|401|308|0|138|137|1|0|
|i|1.9451708793640137|Min|233|140|0|138|137|1|0|
|i|4.194196939468384|Min|21|0|13|10|9|1|0|
|i|4.303537130355835|Min|21|0|13|10|9|1|0|
|i|104.1658411026001|Min|8|0|7|28|0|28|0|
|i|99.061772108078|Min|8|0|3|28|0|28|0|
|i|103.59875988960266|Min|8|0|4|28|0|28|0|
|i|89.26686596870422|Min|8|0|3|28|0|28|0|
|i|1.5333499908447266|Min|55|24|0|39|12|27|0|
|i|1.8521790504455566|Min|142|24|0|190|166|24|0|
|i|1.9894800186157227|Min|154|92|0|215|213|2|0|
|i|2.1186060905456543|Min|154|92|0|215|213|2|0|
|i|1.8261620998382568|Min|128|73|0|192|190|2|0|
|i|1.847811222076416|Min|128|73|0|192|190|2|0|
|i|1.6861369609832764|Min|6|3|0|6|4|2|0|
|i|1.5947959423065186|Min|4|1|0|4|2|2|0|
|i|1.4719300270080566|Min|12|4|0|14|9|5|0|
|i|1.4905040264129639|Min|8|4|0|10|5|5|0|
|i|1.4872150421142578|Min|8|4|0|10|5|5|0|
|i|1.585468053817749|Min|12|8|0|8|4|4|0|
|i|1.5963759422302246|Min|9|6|0|11|10|1|0|
|i|1.590684175491333|Min|6|3|0|6|5|1|0|
|i|1.7127761840820312|Min|53|12|0|65|64|1|0|
|i|1.8542289733886719|Min|69|16|0|97|96|1|0|
|i|1.8505470752716064|Min|96|23|0|130|129|1|0|
|i|1.6637029647827148|Min|40|15|0|44|31|13|0|
|i|1.7533488273620605|Min|25|3|6|35|22|13|0|
|i|1.6503689289093018|Min|93|72|0|56|52|4|0|
|i|1.6068909168243408|Min|25|4|20|36|32|4|0|
|i|1.6628479957580566|Min|89|68|0|56|52|4|0|
|i|1.6399340629577637|Min|25|4|20|36|32|4|0|
|i|1.7361118793487549|Min|131|100|0|75|70|5|0|
|i|1.623610019683838|Min|36|5|30|45|40|5|0|
|i|1.8503000736236572|Min|181|138|0|96|90|6|0|
|i|1.7764599323272705|Min|49|6|42|54|48|6|0|
|i|1.6453728675842285|Min|33|8|0|32|27|5|0|
|i|1.7600929737091064|Min|33|8|0|32|27|5|0|
|i|1.73341703414917|Min|37|25|0|31|5|26|0|
|i|1.6497490406036377|Min|23|6|0|19|18|1|0|
|i|1.7169208526611328|Min|67|12|0|34|33|1|0|
|i|1.647745132446289|Min|67|12|0|34|33|1|0|
|i|2.384469985961914|Min|98|7|0|92|30|62|0|
|i|2.564646005630493|Min|88|36|0|284|137|147|0|
|i|1.9239439964294434|Min|115|42|0|212|198|14|0|
|i|2.0398049354553223|Min|115|42|0|212|198|14|0|
|i|2.029771089553833|Min|113|0|42|270|256|14|0|
|i|1.9949440956115723|Min|113|0|42|270|256|14|0|
|i|1.999643087387085|Min|113|0|42|270|256|14|0|
|i|2.004715919494629|Min|113|0|42|270|256|14|0|
|i|2.00774884223938|Min|113|0|42|270|256|14|0|
|i|1.9555459022521973|Min|147|56|0|274|258|16|0|
|i|2.146320104598999|Min|145|0|56|348|332|16|0|
|i|2.248748779296875|Min|145|0|56|348|332|16|0|
|i|2.27543306350708|Min|145|0|56|348|332|16|0|
|i|2.0868968963623047|Min|145|0|56|348|332|16|0|
|i|2.1666769981384277|Min|145|0|56|348|332|16|0|
|i|2.1639089584350586|Min|183|72|0|344|326|18|0|
|i|2.287921190261841|Min|181|0|72|436|418|18|0|
|i|2.3135130405426025|Min|181|0|72|436|418|18|0|
|i|2.3386669158935547|Min|181|0|72|436|418|18|0|
|i|2.2923431396484375|Min|181|0|72|436|418|18|0|
|i|2.3156778812408447|Min|181|0|72|436|418|18|0|
|i|1.6556589603424072|Min|16|3|0|16|12|4|0|
|i|1.7214818000793457|Min|91|10|0|70|26|44|0|
|i|1.758965015411377|Min|107|21|0|150|126|24|0|
|i|1.578575849533081|Min|5|3|0|5|4|1|0|
|i|1.1168129444122314|Min|5|0|4|1|0|1|0|
|i|1.6863830089569092|Min|29|24|0|5|4|1|0|
|i|1.5068039894104004|Min|9|0|4|5|4|1|0|
|i|1.4679429531097412|Min|7|0|4|2|1|1|0|
|i|1.7379798889160156|Min|30|12|0|38|10|28|0|
|i|1.8297810554504395|Min|58|18|0|63|15|48|0|
|i|2.105217933654785|Min|97|36|0|120|32|88|0|
|i|1.631666898727417|Min|12|3|0|9|7|2|0|
|i|2.895371913909912|Min|723|13|0|719|568|151|0|
|i|1.2146501541137695|Min|17|16|0|8|0|8|0|
|i|15.829294919967651|Min|195|190|0|193|2|191|0|
|i|9.863102912902832|Min|1754|0|1662|92|52|40|0|
|i|19.578301906585693|Min|987|0|899|88|48|40|0|
|i|1.6627781391143799|Min|27|6|0|44|38|6|0|
|i|1.9651901721954346|Min|87|30|0|158|146|12|0|
|i|1.8903532028198242|Min|115|42|0|212|198|14|0|
|i|1.9915900230407715|Min|113|0|42|270|256|14|0|
|i|1.983170986175537|Min|113|0|42|270|256|14|0|
|i|2.0087289810180664|Min|113|0|42|270|256|14|0|
|i|1.9397320747375488|Min|113|0|42|270|256|14|0|
|i|2.0716168880462646|Min|113|0|42|270|256|14|0|
|i|1.6343729496002197|Min|36|14|0|45|44|1|0|
|i|1.913254976272583|Min|85|20|0|93|88|5|0|
|i|5.534649133682251|Min|1999|462|0|3138|3137|1|0|
|i|7.894320011138916|Min|1999|462|0|3081|3080|1|0|
|i|2.5665059089660645|Min|457|136|0|667|666|1|0|
|i|2.640017032623291|Min|457|136|0|667|666|1|0|
|i|2.0225510597229004|Min|113|0|42|270|256|14|0|
|i|1.9809238910675049|Min|113|0|42|270|256|14|0|
|i|1.951920986175537|Min|113|0|42|270|256|14|0|
|i|1.9974100589752197|Min|113|0|42|270|256|14|0|
|i|1.987051010131836|Min|113|0|42|270|256|14|0|
|i|1.680614948272705|Min|51|2|0|44|15|29|0|
|i|1.6576850414276123|Min|51|2|0|44|15|29|0|
