66
|NAME|LT|SENSE|VARS|BINVARS|INTVARS|CONS|LINCONS|NLCONS|OTHERCONS|
|----|--|-----|----|-------|-------|----|-------|------|---------|
|i|1.6054050922393799|Min|50|10|0|56|49|7|0|
|i|1.5888009071350098|Min|50|10|0|56|49|7|0|
|i|1.617286205291748|Min|57|12|0|64|55|9|0|
|i|1.6168320178985596|Min|57|12|0|64|55|9|0|
|i|1.7290380001068115|Min|42|8|0|60|55|5|0|
|i|1.6143410205841064|Min|42|8|0|60|55|5|0|
|i|1.8360049724578857|Max|91|6|0|104|74|30|0|
|i|1.8254520893096924|Max|119|7|0|135|88|47|0|
|i|1.9643049240112305|Max|135|8|0|154|98|56|0|
|i|2.314253091812134|Max|169|9|0|191|112|79|0|
|i|5.535883188247681|Max|1557|50|0|1266|565|701|0|
|i|1.5691089630126953|Min|13|0|0|49|25|24|0|
|i|1.5281250476837158|Min|13|0|0|49|25|24|0|
|i|2.027261972427368|Min|361|5|0|320|291|29|0|
|i|3.9319469928741455|Min|642|20|0|1129|908|221|0|
|i|1.6171998977661133|Min|47|24|0|74|72|2|0|
|i|1.9079289436340332|Min|101|60|0|218|216|2|0|
|i|1.6723098754882812|Min|82|10|0|101|80|21|0|
|i|1.6193530559539795|Min|72|10|0|80|79|1|0|
|i|20.618195056915283|Min|961|720|0|5330|5329|1|0|
|i|2.3516039848327637|Min|215|30|0|341|291|50|0|
|i|2.29703688621521|Min|215|30|0|341|291|50|0|
|i|2.714134931564331|Min|332|45|0|525|439|86|0|
|i|2.727635145187378|Min|332|45|0|525|439|86|0|
|i|5.428725004196167|Min|1105|150|0|1718|1444|274|0|
|i|5.257850885391235|Min|1105|150|0|1718|1444|274|0|
|i|1.6071689128875732|Min|75|20|0|84|67|17|0|
|i|1.7082819938659668|Min|75|20|0|84|67|17|0|
|i|1.6195080280303955|Min|75|20|0|84|67|17|0|
|i|1.72487211227417|Min|75|20|0|84|67|17|0|
|i|2.5232980251312256|Min|233|72|0|250|204|46|0|
|i|2.26108717918396|Min|421|5|0|380|225|155|0|
|i|1.768092155456543|Min|50|9|0|83|63|20|0|
|i|1.896679162979126|Min|54|9|0|93|63|30|0|
|i|2.8913068771362305|Min|395|187|0|424|391|33|0|
|i|4.335733890533447|Min|735|352|0|769|721|48|0|
|i|1.8555169105529785|Min|119|55|0|142|127|15|0|
|i|1.7603979110717773|Min|113|12|0|121|73|48|0|
|i|1.9276878833770752|Min|149|16|0|167|102|65|0|
|i|3.162645101547241|Min|581|60|0|511|270|241|0|
|i|3.3045969009399414|Max|536|40|0|1241|1081|160|0|
|i|5.234485864639282|Max|1156|70|0|2582|2162|420|0|
|i|5.493517160415649|Max|1281|70|0|2787|2297|490|0|
|i|7.739041090011597|Max|1956|95|0|4242|3482|760|0|
|i|2.8747658729553223|Min|329|200|56|688|624|64|0|
|i|3.0614421367645264|Min|361|216|72|894|826|68|0|
|i|1.6384329795837402|Min|28|21|0|28|27|1|0|
|i|1.5934209823608398|Min|28|3|0|31|25|6|0|
|i|1.6464710235595703|Min|35|12|0|68|36|32|0|
|i|1.8189921379089355|Min|77|36|0|206|108|98|0|
|i|1.646615982055664|Min|42|8|0|68|63|5|0|
|i|1.6375699043273926|Min|42|8|0|55|50|5|0|
|i|1.6762490272521973|Min|57|12|0|65|64|1|0|
|i|2.3411099910736084|Max|415|198|0|262|228|34|0|
|i|2.3012120723724365|Max|424|216|0|250|225|25|0|
|i|2.3628928661346436|Max|476|243|0|280|252|28|0|
|i|2.252902030944824|Max|477|252|0|270|248|22|0|
|i|2.3989171981811523|Max|451|216|0|299|274|25|0|
|i|2.2872440814971924|Max|451|216|0|299|274|25|0|
|i|2.637502908706665|Max|694|384|0|388|355|33|0|
|i|3.8363168239593506|Min|483|35|0|1296|1165|131|0|
|i|3.6618521213531494|Min|498|50|0|1311|1180|131|0|
|i|25.13620400428772|Min|961|720|0|5330|5329|1|0|
