92
|NAME|LT|SENSE|VARS|BINVARS|INTVARS|CONS|LINCONS|NLCONS|OTHERCONS|
|----|--|-----|----|-------|-------|----|-------|------|---------|
|i|1.9930360317230225|Min|140|0|0|137|23|114|0|
|i|1.9260571002960205|Min|140|0|0|137|23|114|0|
|i|2.006416082382202|Min|140|0|0|137|23|114|0|
|i|1.9281909465789795|Min|140|0|0|137|23|114|0|
|i|1.9486279487609863|Min|140|0|0|137|23|114|0|
|i|1.9134910106658936|Min|140|0|0|137|23|114|0|
|i|1.5234768390655518|Min|10|0|0|9|4|5|0|
|i|1.4858582019805908|Min|25|0|0|22|9|13|0|
|i|1.468545913696289|Min|11|0|0|10|3|7|0|
|i|1.5125021934509277|Min|46|0|0|39|20|19|0|
|i|1.52935791015625|Min|46|0|0|39|20|19|0|
|i|1.5410170555114746|Min|42|0|0|35|20|15|0|
|i|1.5712409019470215|Min|44|0|0|37|18|19|0|
|i|1.5057849884033203|Min|44|0|0|37|18|19|0|
|i|1.4844121932983398|Min|40|0|0|33|18|15|0|
|i|1.3632869720458984|Min|6|0|0|5|1|4|0|
|i|0.9717438220977783|Min|5|0|0|4|0|4|0|
|i|1.092561960220337|Min|11|0|0|9|0|9|0|
|i|1.4567241668701172|Min|14|0|0|13|8|5|0|
|i|1.5679171085357666|Min|11|0|0|10|6|4|0|
|i|1.5937039852142334|Min|15|0|0|13|7|6|0|
|i|1.5545430183410645|Min|10|0|0|9|5|4|0|
|i|2.1144819259643555|Min|311|0|0|329|129|200|0|
|i|2.1116979122161865|Min|311|0|0|329|129|200|0|
|i|2.0627129077911377|Min|311|0|0|329|129|200|0|
|i|2.2132248878479004|Min|311|0|0|329|129|200|0|
|i|2.060137987136841|Min|311|0|0|329|129|200|0|
|i|2.0609688758850098|Min|311|0|0|329|129|200|0|
|i|2.071965217590332|Min|311|0|0|329|129|200|0|
|i|2.0604259967803955|Min|311|0|0|329|129|200|0|
|i|2.088696002960205|Min|311|0|0|329|129|200|0|
|i|2.089735984802246|Min|311|0|0|329|129|200|0|
|i|2.069350004196167|Min|311|0|0|329|129|200|0|
|i|2.0707478523254395|Min|311|0|0|329|129|200|0|
|i|2.063356876373291|Min|298|0|0|303|103|200|0|
|i|2.1648108959198|Min|298|0|0|303|103|200|0|
|i|2.0636448860168457|Min|298|0|0|303|103|200|0|
|i|2.045206069946289|Min|298|0|0|303|103|200|0|
|i|2.1736221313476562|Min|298|0|0|303|103|200|0|
|i|2.0715110301971436|Min|298|0|0|303|103|200|0|
|i|2.030487060546875|Min|298|0|0|303|103|200|0|
|i|2.041367769241333|Min|298|0|0|303|103|200|0|
|i|2.065882921218872|Min|298|0|0|303|103|200|0|
|i|2.026732921600342|Min|298|0|0|303|103|200|0|
|i|2.0322558879852295|Min|298|0|0|303|103|200|0|
|i|2.0876119136810303|Min|298|0|0|303|103|200|0|
|i|2.0391499996185303|Min|290|0|0|287|87|200|0|
|i|2.1893811225891113|Min|290|0|0|287|87|200|0|
|i|2.1584579944610596|Min|290|0|0|287|87|200|0|
|i|2.0586938858032227|Min|290|0|0|287|87|200|0|
|i|2.0644240379333496|Min|290|0|0|287|87|200|0|
|i|2.0697741508483887|Min|290|0|0|287|87|200|0|
|i|2.0194249153137207|Min|290|0|0|287|87|200|0|
|i|2.003087043762207|Min|290|0|0|287|87|200|0|
|i|2.061795949935913|Min|290|0|0|287|87|200|0|
|i|2.00492000579834|Min|290|0|0|287|87|200|0|
|i|2.032114028930664|Min|290|0|0|287|87|200|0|
|i|2.06912899017334|Min|290|0|0|287|87|200|0|
|i|1.4508371353149414|Min|12|0|0|11|3|8|0|
|i|3.0087199211120605|Min|1014|0|0|1014|682|332|0|
|i|4.10444712638855|Min|1718|0|0|1718|1154|564|0|
|i|3.3997268676757812|Min|1262|0|0|1262|854|408|0|
|i|3.58105206489563|Min|1443|0|0|1443|979|464|0|
|i|3.6549620628356934|Min|1505|0|0|1505|1025|480|0|
|i|7.681391954421997|Min|4235|0|0|4235|2855|1380|0|
|i|1.33119797706604|Min|6|0|0|5|2|3|0|
|i|1.3465969562530518|Min|4|0|0|3|1|2|0|
|i|1.4926578998565674|Min|16|0|0|15|7|8|0|
|i|1.5114250183105469|Min|16|0|0|15|7|8|0|
|i|1.5225739479064941|Min|16|0|0|15|6|9|0|
|i|1.4847509860992432|Min|9|0|0|9|1|8|0|
|i|1.4423341751098633|Min|9|0|0|9|1|8|0|
|i|1.0476558208465576|Min|14|0|0|13|0|13|0|
|i|1.6485958099365234|Min|138|0|0|120|76|44|0|
|i|1.7047150135040283|Min|138|0|0|120|76|44|0|
|i|1.8056659698486328|Min|138|0|0|120|76|44|0|
|i|1.6939821243286133|Min|138|0|0|120|76|44|0|
|i|1.4891090393066406|Min|10|0|0|9|1|8|0|
|i|1.5122392177581787|Min|10|0|0|9|1|8|0|
|i|1.4837818145751953|Min|10|0|0|9|1|8|0|
|i|1.4745509624481201|Min|10|0|0|9|1|8|0|
|i|1.4841938018798828|Min|13|0|0|12|6|6|0|
|i|1.435817003250122|Min|5|0|0|3|2|1|0|
|i|1.0040290355682373|Min|3|0|0|4|0|4|0|
|i|140.8231279850006|Min|205|0|0|201|100|101|0|
|i|29.571253061294556|Min|8357|0|0|8386|1282|7104|0|
|i|29.705771923065186|Min|8357|0|0|8386|1282|7104|0|
|i|25.421736001968384|Min|7013|0|0|7042|1090|5952|0|
|i|28.15768003463745|Min|7909|0|0|7938|1218|6720|0|
|i|28.391374111175537|Min|7909|0|0|7938|1218|6720|0|
|i|34.16647696495056|Min|10151|0|0|10179|1219|8960|0|
|i|12.290452003479004|Min|4680|0|0|4677|628|4049|0|
