120

| NAME | LT | SENSE | VAR | BINVAR | INTVAR | CON | LINCON | NLCONS | OTHERCONS |
|------|----|-------|-----|--------|--------|-----|--------|--------|-----------|
| m_10_3_0_100_1 | 1.31 | Min | 11 | 0 | 0 | 1 | 0 | 1 | 0 |
| m_10_3_0_100_2 | 1.32 | Min | 11 | 0 | 0 | 1 | 0 | 1 | 0 |
| m_10_3_0_100_3 | 1.44 | Min | 11 | 0 | 0 | 1 | 0 | 1 | 0 |
| m_10_3_0_100_4 | 1.38 | Min | 11 | 0 | 0 | 1 | 0 | 1 | 0 |
| m_10_3_0_100_5 | 1.46 | Min | 11 | 0 | 0 | 1 | 0 | 1 | 0 |
| m_10_3_10_100_1 | 5.16 | Min | 11 | 0 | 0 | 11 | 0 | 11 | 0 |
| m_10_3_10_100_2 | 5.21 | Min | 11 | 0 | 0 | 11 | 0 | 11 | 0 |
| m_10_3_10_100_3 | 5.24 | Min | 11 | 0 | 0 | 11 | 0 | 11 | 0 |
| m_10_3_10_100_4 | 5.31 | Min | 11 | 0 | 0 | 11 | 0 | 11 | 0 |
| m_10_3_10_100_5 | 5.22 | Min | 11 | 0 | 0 | 11 | 0 | 11 | 0 |
| m_10_3_2_100_1 | 2.15 | Min | 11 | 0 | 0 | 3 | 0 | 3 | 0 |
| m_10_3_2_100_2 | 2.26 | Min | 11 | 0 | 0 | 3 | 0 | 3 | 0 |
| m_10_3_2_100_3 | 2.13 | Min | 11 | 0 | 0 | 3 | 0 | 3 | 0 |
| m_10_3_2_100_4 | 2.18 | Min | 11 | 0 | 0 | 3 | 0 | 3 | 0 |
| m_10_3_2_100_5 | 2.21 | Min | 11 | 0 | 0 | 3 | 0 | 3 | 0 |
| m_10_3_5_100_1 | 3.39 | Min | 11 | 0 | 0 | 6 | 0 | 6 | 0 |
| m_10_3_5_100_2 | 3.3 | Min | 11 | 0 | 0 | 6 | 0 | 6 | 0 |
| m_10_3_5_100_3 | 3.42 | Min | 11 | 0 | 0 | 6 | 0 | 6 | 0 |
| m_10_3_5_100_4 | 3.32 | Min | 11 | 0 | 0 | 6 | 0 | 6 | 0 |
| m_10_3_5_100_5 | 3.32 | Min | 11 | 0 | 0 | 6 | 0 | 6 | 0 |
| m_15_3_0_50_1 | 2.0 | Min | 16 | 0 | 0 | 1 | 0 | 1 | 0 |
| m_15_3_0_50_2 | 2.05 | Min | 16 | 0 | 0 | 1 | 0 | 1 | 0 |
| m_15_3_0_50_3 | 2.06 | Min | 16 | 0 | 0 | 1 | 0 | 1 | 0 |
| m_15_3_0_50_4 | 2.0 | Min | 16 | 0 | 0 | 1 | 0 | 1 | 0 |
| m_15_3_0_50_5 | 2.08 | Min | 16 | 0 | 0 | 1 | 0 | 1 | 0 |
| m_15_3_15_50_1 | 19.12 | Min | 16 | 0 | 0 | 16 | 0 | 16 | 0 |
| m_15_3_15_50_2 | 18.53 | Min | 16 | 0 | 0 | 16 | 0 | 16 | 0 |
| m_15_3_15_50_3 | 19.28 | Min | 16 | 0 | 0 | 16 | 0 | 16 | 0 |
| m_15_3_15_50_4 | 18.76 | Min | 16 | 0 | 0 | 16 | 0 | 16 | 0 |
| m_15_3_15_50_5 | 19.04 | Min | 16 | 0 | 0 | 16 | 0 | 16 | 0 |
| m_15_3_3_50_1 | 5.27 | Min | 16 | 0 | 0 | 4 | 0 | 4 | 0 |
| m_15_3_3_50_2 | 5.13 | Min | 16 | 0 | 0 | 4 | 0 | 4 | 0 |
| m_15_3_3_50_3 | 5.26 | Min | 16 | 0 | 0 | 4 | 0 | 4 | 0 |
| m_15_3_3_50_4 | 5.17 | Min | 16 | 0 | 0 | 4 | 0 | 4 | 0 |
| m_15_3_3_50_5 | 5.18 | Min | 16 | 0 | 0 | 4 | 0 | 4 | 0 |
| m_15_3_7_50_1 | 9.53 | Min | 16 | 0 | 0 | 8 | 0 | 8 | 0 |
| m_15_3_7_50_2 | 9.36 | Min | 16 | 0 | 0 | 8 | 0 | 8 | 0 |
| m_15_3_7_50_3 | 9.41 | Min | 16 | 0 | 0 | 8 | 0 | 8 | 0 |
| m_15_3_7_50_4 | 9.36 | Min | 16 | 0 | 0 | 8 | 0 | 8 | 0 |
| m_15_3_7_50_5 | 9.43 | Min | 16 | 0 | 0 | 8 | 0 | 8 | 0 |
| m_20_3_0_15_1 | 1.58 | Min | 21 | 0 | 0 | 1 | 0 | 1 | 0 |
| m_20_3_0_15_2 | 1.55 | Min | 21 | 0 | 0 | 1 | 0 | 1 | 0 |
| m_20_3_0_15_3 | 1.6 | Min | 21 | 0 | 0 | 1 | 0 | 1 | 0 |
| m_20_3_0_15_4 | 1.58 | Min | 21 | 0 | 0 | 1 | 0 | 1 | 0 |
| m_20_3_0_15_5 | 1.63 | Min | 21 | 0 | 0 | 1 | 0 | 1 | 0 |
| m_20_3_10_15_1 | 7.62 | Min | 21 | 0 | 0 | 11 | 0 | 11 | 0 |
| m_20_3_10_15_2 | 7.76 | Min | 21 | 0 | 0 | 11 | 0 | 11 | 0 |
| m_20_3_10_15_3 | 7.58 | Min | 21 | 0 | 0 | 11 | 0 | 11 | 0 |
| m_20_3_10_15_4 | 7.7 | Min | 21 | 0 | 0 | 11 | 0 | 11 | 0 |
| m_20_3_10_15_5 | 7.84 | Min | 21 | 0 | 0 | 11 | 0 | 11 | 0 |
| m_20_3_20_15_1 | 14.29 | Min | 21 | 0 | 0 | 21 | 0 | 21 | 0 |
| m_20_3_20_15_2 | 14.36 | Min | 21 | 0 | 0 | 21 | 0 | 21 | 0 |
| m_20_3_20_15_3 | 13.97 | Min | 21 | 0 | 0 | 21 | 0 | 21 | 0 |
| m_20_3_20_15_4 | 14.15 | Min | 21 | 0 | 0 | 21 | 0 | 21 | 0 |
| m_20_3_20_15_5 | 14.25 | Min | 21 | 0 | 0 | 21 | 0 | 21 | 0 |
| m_20_3_4_15_1 | 4.05 | Min | 21 | 0 | 0 | 5 | 0 | 5 | 0 |
| m_20_3_4_15_2 | 4.05 | Min | 21 | 0 | 0 | 5 | 0 | 5 | 0 |
| m_20_3_4_15_3 | 4.13 | Min | 21 | 0 | 0 | 5 | 0 | 5 | 0 |
| m_20_3_4_15_4 | 4.15 | Min | 21 | 0 | 0 | 5 | 0 | 5 | 0 |
| m_20_3_4_15_5 | 3.92 | Min | 21 | 0 | 0 | 5 | 0 | 5 | 0 |
| p_10_3_0_75_1 | 1.6 | Min | 11 | 0 | 0 | 1 | 0 | 1 | 0 |
| p_10_3_0_75_2 | 1.75 | Min | 11 | 0 | 0 | 1 | 0 | 1 | 0 |
| p_10_3_0_75_3 | 1.6 | Min | 11 | 0 | 0 | 1 | 0 | 1 | 0 |
| p_10_3_0_75_4 | 1.76 | Min | 11 | 0 | 0 | 1 | 0 | 1 | 0 |
| p_10_3_0_75_5 | 1.59 | Min | 11 | 0 | 0 | 1 | 0 | 1 | 0 |
| p_10_3_10_75_1 | 8.51 | Min | 11 | 0 | 0 | 11 | 0 | 11 | 0 |
| p_10_3_10_75_2 | 8.38 | Min | 11 | 0 | 0 | 11 | 0 | 11 | 0 |
| p_10_3_10_75_3 | 8.13 | Min | 11 | 0 | 0 | 11 | 0 | 11 | 0 |
| p_10_3_10_75_4 | 8.49 | Min | 11 | 0 | 0 | 11 | 0 | 11 | 0 |
| p_10_3_10_75_5 | 8.27 | Min | 11 | 0 | 0 | 11 | 0 | 11 | 0 |
| p_10_3_2_75_1 | 2.94 | Min | 11 | 0 | 0 | 3 | 0 | 3 | 0 |
| p_10_3_2_75_2 | 2.88 | Min | 11 | 0 | 0 | 3 | 0 | 3 | 0 |
| p_10_3_2_75_3 | 3.11 | Min | 11 | 0 | 0 | 3 | 0 | 3 | 0 |
| p_10_3_2_75_4 | 3.03 | Min | 11 | 0 | 0 | 3 | 0 | 3 | 0 |
| p_10_3_2_75_5 | 3.12 | Min | 11 | 0 | 0 | 3 | 0 | 3 | 0 |
| p_10_3_5_75_1 | 4.7 | Min | 11 | 0 | 0 | 6 | 0 | 6 | 0 |
| p_10_3_5_75_2 | 4.93 | Min | 11 | 0 | 0 | 6 | 0 | 6 | 0 |
| p_10_3_5_75_3 | 4.64 | Min | 11 | 0 | 0 | 6 | 0 | 6 | 0 |
| p_10_3_5_75_4 | 4.82 | Min | 11 | 0 | 0 | 6 | 0 | 6 | 0 |
| p_10_3_5_75_5 | 4.79 | Min | 11 | 0 | 0 | 6 | 0 | 6 | 0 |
| p_15_3_0_25_1 | 1.58 | Min | 16 | 0 | 0 | 1 | 0 | 1 | 0 |
| p_15_3_0_25_2 | 1.58 | Min | 16 | 0 | 0 | 1 | 0 | 1 | 0 |
| p_15_3_0_25_3 | 1.63 | Min | 16 | 0 | 0 | 1 | 0 | 1 | 0 |
| p_15_3_0_25_4 | 1.54 | Min | 16 | 0 | 0 | 1 | 0 | 1 | 0 |
| p_15_3_0_25_5 | 1.6 | Min | 16 | 0 | 0 | 1 | 0 | 1 | 0 |
| p_15_3_15_25_1 | 11.29 | Min | 16 | 0 | 0 | 16 | 0 | 16 | 0 |
| p_15_3_15_25_2 | 11.27 | Min | 16 | 0 | 0 | 16 | 0 | 16 | 0 |
| p_15_3_15_25_3 | 11.48 | Min | 16 | 0 | 0 | 16 | 0 | 16 | 0 |
| p_15_3_15_25_4 | 11.73 | Min | 16 | 0 | 0 | 16 | 0 | 16 | 0 |
| p_15_3_15_25_5 | 11.25 | Min | 16 | 0 | 0 | 16 | 0 | 16 | 0 |
| p_15_3_3_25_1 | 3.4 | Min | 16 | 0 | 0 | 4 | 0 | 4 | 0 |
| p_15_3_3_25_2 | 3.62 | Min | 16 | 0 | 0 | 4 | 0 | 4 | 0 |
| p_15_3_3_25_3 | 3.51 | Min | 16 | 0 | 0 | 4 | 0 | 4 | 0 |
| p_15_3_3_25_4 | 3.5 | Min | 16 | 0 | 0 | 4 | 0 | 4 | 0 |
| p_15_3_3_25_5 | 3.6 | Min | 16 | 0 | 0 | 4 | 0 | 4 | 0 |
| p_15_3_7_25_1 | 5.92 | Min | 16 | 0 | 0 | 8 | 0 | 8 | 0 |
| p_15_3_7_25_2 | 6.13 | Min | 16 | 0 | 0 | 8 | 0 | 8 | 0 |
| p_15_3_7_25_3 | 6.02 | Min | 16 | 0 | 0 | 8 | 0 | 8 | 0 |
| p_15_3_7_25_4 | 5.98 | Min | 16 | 0 | 0 | 8 | 0 | 8 | 0 |
| p_15_3_7_25_5 | 6.18 | Min | 16 | 0 | 0 | 8 | 0 | 8 | 0 |
| p_20_3_0_10_1 | 1.46 | Min | 21 | 0 | 0 | 1 | 0 | 1 | 0 |
| p_20_3_0_10_2 | 1.54 | Min | 21 | 0 | 0 | 1 | 0 | 1 | 0 |
| p_20_3_0_10_3 | 1.55 | Min | 21 | 0 | 0 | 1 | 0 | 1 | 0 |
| p_20_3_0_10_4 | 1.46 | Min | 21 | 0 | 0 | 1 | 0 | 1 | 0 |
| p_20_3_0_10_5 | 1.54 | Min | 21 | 0 | 0 | 1 | 0 | 1 | 0 |
| p_20_3_10_10_1 | 6.77 | Min | 21 | 0 | 0 | 11 | 0 | 11 | 0 |
| p_20_3_10_10_2 | 6.73 | Min | 21 | 0 | 0 | 11 | 0 | 11 | 0 |
| p_20_3_10_10_3 | 6.63 | Min | 21 | 0 | 0 | 11 | 0 | 11 | 0 |
| p_20_3_10_10_4 | 6.74 | Min | 21 | 0 | 0 | 11 | 0 | 11 | 0 |
| p_20_3_10_10_5 | 6.76 | Min | 21 | 0 | 0 | 11 | 0 | 11 | 0 |
| p_20_3_20_10_1 | 12.26 | Min | 21 | 0 | 0 | 21 | 0 | 21 | 0 |
| p_20_3_20_10_2 | 12.28 | Min | 21 | 0 | 0 | 21 | 0 | 21 | 0 |
| p_20_3_20_10_3 | 12.32 | Min | 21 | 0 | 0 | 21 | 0 | 21 | 0 |
| p_20_3_20_10_4 | 12.37 | Min | 21 | 0 | 0 | 21 | 0 | 21 | 0 |
| p_20_3_20_10_5 | 12.33 | Min | 21 | 0 | 0 | 21 | 0 | 21 | 0 |
| p_20_3_4_10_1 | 3.51 | Min | 21 | 0 | 0 | 5 | 0 | 5 | 0 |
| p_20_3_4_10_2 | 3.65 | Min | 21 | 0 | 0 | 5 | 0 | 5 | 0 |
| p_20_3_4_10_3 | 3.57 | Min | 21 | 0 | 0 | 5 | 0 | 5 | 0 |
| p_20_3_4_10_4 | 3.55 | Min | 21 | 0 | 0 | 5 | 0 | 5 | 0 |
| p_20_3_4_10_5 | 3.74 | Min | 21 | 0 | 0 | 5 | 0 | 5 | 0 |

ERROR 0
