100

| NAME | LT | SENSE | VAR | BINVAR | INTVAR | CON | LINCON | NLCONS | OTHERCONS |
|------|----|-------|-----|--------|--------|-----|--------|--------|-----------|
| m_10_4_0_100_1 | 2.69 | Min | 11 | 0 | 0 | 1 | 0 | 1 | 0 |
| m_10_4_0_100_2 | 2.76 | Min | 11 | 0 | 0 | 1 | 0 | 1 | 0 |
| m_10_4_0_100_3 | 2.83 | Min | 11 | 0 | 0 | 1 | 0 | 1 | 0 |
| m_10_4_0_100_4 | 2.75 | Min | 11 | 0 | 0 | 1 | 0 | 1 | 0 |
| m_10_4_0_100_5 | 3.01 | Min | 11 | 0 | 0 | 1 | 0 | 1 | 0 |
| m_10_4_10_100_1 | 22.59 | Min | 11 | 0 | 0 | 11 | 0 | 11 | 0 |
| m_10_4_10_100_2 | 22.97 | Min | 11 | 0 | 0 | 11 | 0 | 11 | 0 |
| m_10_4_10_100_3 | 23.39 | Min | 11 | 0 | 0 | 11 | 0 | 11 | 0 |
| m_10_4_10_100_4 | 22.89 | Min | 11 | 0 | 0 | 11 | 0 | 11 | 0 |
| m_10_4_10_100_5 | 23.84 | Min | 11 | 0 | 0 | 11 | 0 | 11 | 0 |
| m_10_4_2_100_1 | 6.25 | Min | 11 | 0 | 0 | 3 | 0 | 3 | 0 |
| m_10_4_2_100_2 | 6.48 | Min | 11 | 0 | 0 | 3 | 0 | 3 | 0 |
| m_10_4_2_100_3 | 6.53 | Min | 11 | 0 | 0 | 3 | 0 | 3 | 0 |
| m_10_4_2_100_4 | 6.38 | Min | 11 | 0 | 0 | 3 | 0 | 3 | 0 |
| m_10_4_2_100_5 | 6.55 | Min | 11 | 0 | 0 | 3 | 0 | 3 | 0 |
| m_10_4_5_100_1 | 12.08 | Min | 11 | 0 | 0 | 6 | 0 | 6 | 0 |
| m_10_4_5_100_2 | 12.16 | Min | 11 | 0 | 0 | 6 | 0 | 6 | 0 |
| m_10_4_5_100_3 | 12.47 | Min | 11 | 0 | 0 | 6 | 0 | 6 | 0 |
| m_10_4_5_100_4 | 11.97 | Min | 11 | 0 | 0 | 6 | 0 | 6 | 0 |
| m_10_4_5_100_5 | 12.53 | Min | 11 | 0 | 0 | 6 | 0 | 6 | 0 |
| m_15_4_0_15_1 | 2.22 | Min | 16 | 0 | 0 | 1 | 0 | 1 | 0 |
| m_15_4_0_15_2 | 2.17 | Min | 16 | 0 | 0 | 1 | 0 | 1 | 0 |
| m_15_4_0_15_3 | 2.14 | Min | 16 | 0 | 0 | 1 | 0 | 1 | 0 |
| m_15_4_0_15_4 | 2.24 | Min | 16 | 0 | 0 | 1 | 0 | 1 | 0 |
| m_15_4_0_15_5 | 2.13 | Min | 16 | 0 | 0 | 1 | 0 | 1 | 0 |
| m_15_4_15_15_1 | 22.07 | Min | 16 | 0 | 0 | 16 | 0 | 16 | 0 |
| m_15_4_15_15_2 | 21.88 | Min | 16 | 0 | 0 | 16 | 0 | 16 | 0 |
| m_15_4_15_15_3 | 21.46 | Min | 16 | 0 | 0 | 16 | 0 | 16 | 0 |
| m_15_4_15_15_4 | 21.51 | Min | 16 | 0 | 0 | 16 | 0 | 16 | 0 |
| m_15_4_15_15_5 | 21.78 | Min | 16 | 0 | 0 | 16 | 0 | 16 | 0 |
| m_15_4_3_15_1 | 5.85 | Min | 16 | 0 | 0 | 4 | 0 | 4 | 0 |
| m_15_4_3_15_2 | 5.94 | Min | 16 | 0 | 0 | 4 | 0 | 4 | 0 |
| m_15_4_3_15_3 | 5.64 | Min | 16 | 0 | 0 | 4 | 0 | 4 | 0 |
| m_15_4_3_15_4 | 5.81 | Min | 16 | 0 | 0 | 4 | 0 | 4 | 0 |
| m_15_4_3_15_5 | 6.0 | Min | 16 | 0 | 0 | 4 | 0 | 4 | 0 |
| m_15_4_7_15_1 | 10.81 | Min | 16 | 0 | 0 | 8 | 0 | 8 | 0 |
| m_15_4_7_15_2 | 10.68 | Min | 16 | 0 | 0 | 8 | 0 | 8 | 0 |
| m_15_4_7_15_3 | 10.77 | Min | 16 | 0 | 0 | 8 | 0 | 8 | 0 |
| m_15_4_7_15_4 | 10.62 | Min | 16 | 0 | 0 | 8 | 0 | 8 | 0 |
| m_15_4_7_15_5 | 10.73 | Min | 16 | 0 | 0 | 8 | 0 | 8 | 0 |
| m_20_4_0_2_1 | 1.3 | Min | 21 | 0 | 0 | 1 | 0 | 1 | 0 |
| m_20_4_0_2_2 | 1.28 | Min | 21 | 0 | 0 | 1 | 0 | 1 | 0 |
| m_20_4_0_2_3 | 1.36 | Min | 21 | 0 | 0 | 1 | 0 | 1 | 0 |
| m_20_4_0_2_4 | 1.26 | Min | 21 | 0 | 0 | 1 | 0 | 1 | 0 |
| m_20_4_0_2_5 | 1.25 | Min | 21 | 0 | 0 | 1 | 0 | 1 | 0 |
| m_20_4_10_2_1 | 4.18 | Min | 21 | 0 | 0 | 11 | 0 | 11 | 0 |
| m_20_4_10_2_2 | 4.2 | Min | 21 | 0 | 0 | 11 | 0 | 11 | 0 |
| m_20_4_10_2_3 | 4.23 | Min | 21 | 0 | 0 | 11 | 0 | 11 | 0 |
| m_20_4_10_2_4 | 4.34 | Min | 21 | 0 | 0 | 11 | 0 | 11 | 0 |
| m_20_4_10_2_5 | 4.27 | Min | 21 | 0 | 0 | 11 | 0 | 11 | 0 |
| m_20_4_20_2_1 | 7.14 | Min | 21 | 0 | 0 | 21 | 0 | 21 | 0 |
| m_20_4_20_2_2 | 7.2 | Min | 21 | 0 | 0 | 21 | 0 | 21 | 0 |
| m_20_4_20_2_3 | 7.28 | Min | 21 | 0 | 0 | 21 | 0 | 21 | 0 |
| m_20_4_20_2_4 | 7.11 | Min | 21 | 0 | 0 | 21 | 0 | 21 | 0 |
| m_20_4_20_2_5 | 7.23 | Min | 21 | 0 | 0 | 21 | 0 | 21 | 0 |
| m_20_4_4_2_1 | 2.46 | Min | 21 | 0 | 0 | 5 | 0 | 5 | 0 |
| m_20_4_4_2_2 | 2.43 | Min | 21 | 0 | 0 | 5 | 0 | 5 | 0 |
| m_20_4_4_2_3 | 2.42 | Min | 21 | 0 | 0 | 5 | 0 | 5 | 0 |
| m_20_4_4_2_4 | 2.46 | Min | 21 | 0 | 0 | 5 | 0 | 5 | 0 |
| m_20_4_4_2_5 | 2.61 | Min | 21 | 0 | 0 | 5 | 0 | 5 | 0 |
| p_10_4_0_25_1 | 1.7 | Min | 11 | 0 | 0 | 1 | 0 | 1 | 0 |
| p_10_4_0_25_2 | 1.82 | Min | 11 | 0 | 0 | 1 | 0 | 1 | 0 |
| p_10_4_0_25_3 | 1.72 | Min | 11 | 0 | 0 | 1 | 0 | 1 | 0 |
| p_10_4_0_25_4 | 1.72 | Min | 11 | 0 | 0 | 1 | 0 | 1 | 0 |
| p_10_4_0_25_5 | 1.76 | Min | 11 | 0 | 0 | 1 | 0 | 1 | 0 |
| p_10_4_10_25_1 | 9.46 | Min | 11 | 0 | 0 | 11 | 0 | 11 | 0 |
| p_10_4_10_25_2 | 9.68 | Min | 11 | 0 | 0 | 11 | 0 | 11 | 0 |
| p_10_4_10_25_3 | 9.97 | Min | 11 | 0 | 0 | 11 | 0 | 11 | 0 |
| p_10_4_10_25_4 | 9.5 | Min | 11 | 0 | 0 | 11 | 0 | 11 | 0 |
| p_10_4_10_25_5 | 9.83 | Min | 11 | 0 | 0 | 11 | 0 | 11 | 0 |
| p_10_4_2_25_1 | 3.17 | Min | 11 | 0 | 0 | 3 | 0 | 3 | 0 |
| p_10_4_2_25_2 | 3.37 | Min | 11 | 0 | 0 | 3 | 0 | 3 | 0 |
| p_10_4_2_25_3 | 3.31 | Min | 11 | 0 | 0 | 3 | 0 | 3 | 0 |
| p_10_4_2_25_4 | 3.28 | Min | 11 | 0 | 0 | 3 | 0 | 3 | 0 |
| p_10_4_2_25_5 | 3.46 | Min | 11 | 0 | 0 | 3 | 0 | 3 | 0 |
| p_10_4_5_25_1 | 5.42 | Min | 11 | 0 | 0 | 6 | 0 | 6 | 0 |
| p_10_4_5_25_2 | 5.62 | Min | 11 | 0 | 0 | 6 | 0 | 6 | 0 |
| p_10_4_5_25_3 | 5.61 | Min | 11 | 0 | 0 | 6 | 0 | 6 | 0 |
| p_10_4_5_25_4 | 5.61 | Min | 11 | 0 | 0 | 6 | 0 | 6 | 0 |
| p_10_4_5_25_5 | 5.65 | Min | 11 | 0 | 0 | 6 | 0 | 6 | 0 |
| p_15_4_0_5_1 | 1.48 | Min | 16 | 0 | 0 | 1 | 0 | 1 | 0 |
| p_15_4_0_5_2 | 1.57 | Min | 16 | 0 | 0 | 1 | 0 | 1 | 0 |
| p_15_4_0_5_3 | 1.52 | Min | 16 | 0 | 0 | 1 | 0 | 1 | 0 |
| p_15_4_0_5_4 | 1.51 | Min | 16 | 0 | 0 | 1 | 0 | 1 | 0 |
| p_15_4_0_5_5 | 1.55 | Min | 16 | 0 | 0 | 1 | 0 | 1 | 0 |
| p_15_4_15_5_1 | 9.85 | Min | 16 | 0 | 0 | 16 | 0 | 16 | 0 |
| p_15_4_15_5_2 | 9.66 | Min | 16 | 0 | 0 | 16 | 0 | 16 | 0 |
| p_15_4_15_5_3 | 10.14 | Min | 16 | 0 | 0 | 16 | 0 | 16 | 0 |
| p_15_4_15_5_4 | 9.91 | Min | 16 | 0 | 0 | 16 | 0 | 16 | 0 |
| p_15_4_15_5_5 | 9.93 | Min | 16 | 0 | 0 | 16 | 0 | 16 | 0 |
| p_15_4_3_5_1 | 3.21 | Min | 16 | 0 | 0 | 4 | 0 | 4 | 0 |
| p_15_4_3_5_2 | 3.19 | Min | 16 | 0 | 0 | 4 | 0 | 4 | 0 |
| p_15_4_3_5_3 | 3.16 | Min | 16 | 0 | 0 | 4 | 0 | 4 | 0 |
| p_15_4_3_5_4 | 3.17 | Min | 16 | 0 | 0 | 4 | 0 | 4 | 0 |
| p_15_4_3_5_5 | 3.2 | Min | 16 | 0 | 0 | 4 | 0 | 4 | 0 |
| p_15_4_7_5_1 | 5.48 | Min | 16 | 0 | 0 | 8 | 0 | 8 | 0 |
| p_15_4_7_5_2 | 5.39 | Min | 16 | 0 | 0 | 8 | 0 | 8 | 0 |
| p_15_4_7_5_3 | 5.28 | Min | 16 | 0 | 0 | 8 | 0 | 8 | 0 |
| p_15_4_7_5_4 | 5.2 | Min | 16 | 0 | 0 | 8 | 0 | 8 | 0 |
| p_15_4_7_5_5 | 5.45 | Min | 16 | 0 | 0 | 8 | 0 | 8 | 0 |

ERROR 0
