82
|NAME|LT|SENSE|VARS|BINVARS|INTVARS|CONS|LINCONS|NLCONS|OTHERCONS|
|----|--|-----|----|-------|-------|----|-------|------|---------|
|i|1.8571031093597412|Min|15|0|0|8|1|2|5|
|i|2.1065030097961426|Min|87|0|0|78|22|1|55|
|i|1.6534299850463867|Max|102|36|0|213|201|12|0|
|i|2.023214101791382|Max|222|87|0|624|600|24|0|
|i|2.3335421085357666|Max|312|124|0|884|852|32|0|
|i|2.2307169437408447|Max|272|104|0|736|704|32|0|
|i|1.9700379371643066|Max|222|87|0|519|495|24|0|
|i|2.2692360877990723|Max|223|87|0|628|604|24|0|
|i|2.3698270320892334|Max|305|120|0|861|829|32|0|
|i|2.194385051727295|Min|200|0|0|201|100|1|100|
|i|3.043065071105957|Min|329|200|56|688|623|1|64|
|i|1.6232261657714844|Min|384|0|0|252|140|112|0|
|i|2.093228816986084|Min|517|0|0|408|188|220|0|
|i|2.9768130779266357|Min|1040|0|0|783|303|480|0|
|i|1.509093999862671|Min|209|0|0|205|115|90|0|
|i|1.3707399368286133|Min|174|0|0|152|104|48|0|
|i|1.6535930633544922|Min|244|0|0|234|108|126|0|
|i|1.1507580280303955|Min|42|0|0|45|33|12|0|
|i|1.139880895614624|Min|51|0|0|54|42|12|0|
|i|1.206003189086914|Min|76|0|0|66|48|18|0|
|i|1.365880012512207|Min|182|0|0|152|104|48|0|
|i|1.4485900402069092|Min|174|0|0|152|104|48|0|
|i|1.339508056640625|Min|174|0|0|152|104|48|0|
|i|1.7021210193634033|Min|359|0|0|335|251|84|0|
|i|2.326462984085083|Min|517|0|0|573|363|210|0|
|i|3.2057719230651855|Max|536|40|0|1241|1081|0|160|
|i|2.676630973815918|Max|345|48|0|696|640|0|56|
|i|1.7272651195526123|Min|5|0|0|3|0|1|2|
|i|4.236662149429321|Min|91|90|0|481|480|0|1|
|i|1.9068219661712646|Min|55|24|0|39|11|1|27|
|i|1.3575680255889893|Min|7|4|0|15|11|4|0|
|i|1.2981030941009521|Min|88|68|0|95|91|4|0|
|i|1.3378009796142578|Min|130|100|0|134|129|5|0|
|i|1.4605259895324707|Min|180|138|0|178|172|6|0|
|i|2.5000340938568115|Min|15|0|0|307|306|0|1|
|i|2.5319910049438477|Max|237|73|0|310|285|1|24|
|i|1.2972500324249268|Min|15|3|0|30|27|3|0|
|i|1.9320390224456787|Min|132|38|0|213|179|0|34|
|i|1.4421160221099854|Min|7|0|4|2|1|1|0|
|i|1.4290878772735596|Min|50|9|0|83|63|20|0|
|i|1.753481149673462|Min|54|9|0|93|63|30|0|
|i|1.9268128871917725|Min|119|55|0|142|127|15|0|
|i|2.8510818481445312|Min|395|187|0|424|391|33|0|
|i|4.239704847335815|Min|735|352|0|769|721|48|0|
|i|5.594472169876099|Min|151|150|0|51|50|1|0|
|i|1.6217970848083496|Min|13|0|0|10|7|0|3|
|i|1.7029228210449219|Min|9|0|0|9|6|1|2|
|i|1.9673781394958496|Min|72|10|0|80|79|0|1|
|i|1.7418701648712158|Min|32|0|0|25|18|0|7|
|i|2.398513078689575|Max|289|96|0|429|381|0|48|
|i|15.601012945175171|Min|195|190|0|193|2|191|0|
|i|1.9295570850372314|Min|18|0|0|54|32|0|22|
|i|1.6259069442749023|Max|37|0|0|78|0|0|78|
|i|2.2154829502105713|Max|97|0|0|300|0|0|300|
|i|4.958134174346924|Max|201|0|0|820|0|820|0|
|i|3.8699541091918945|Max|206|0|0|861|0|0|861|
|i|4.0230138301849365|Max|211|0|0|903|0|0|903|
|i|4.1846230030059814|Max|216|0|0|946|0|0|946|
|i|4.332704067230225|Max|221|0|0|990|0|0|990|
|i|1.7900421619415283|Min|102|2|38|28|8|20|0|
|i|1.8609368801116943|Min|268|3|111|49|11|38|0|
|i|1.2214748859405518|Min|35|14|0|44|44|0|0|
|i|2.634310007095337|Min|194|93|0|257|229|1|27|
|i|2.642979145050049|Min|645|46|0|238|190|2|46|
|i|0.6534910202026367|Min|2|0|0|1|0|1|0|
|i|0.7951629161834717|Min|2|0|0|0|0|0|0|
|i|1.3822147846221924|Min|8|0|0|6|3|3|0|
|i|2.1151208877563477|Min|145|0|56|348|332|16|0|
|i|1.7551629543304443|Min|34|0|0|50|30|0|20|
|i|2.637208938598633|Min|82|8|52|164|139|16|9|
|i|78.17349910736084|Min|4408|400|0|6206|2406|2000|1800|
|i|1.7583260536193848|Min|64|7|56|43|36|0|7|
|i|1.421386957168579|Min|145|28|0|167|163|4|0|
|i|2.1817009449005127|Min|157|30|54|143|100|34|9|
