98
|NAME|LT|SENSE|VARS|BINVARS|INTVARS|CONS|LINCONS|NLCONS|OTHERCONS|
|----|--|-----|----|-------|-------|----|-------|------|---------|
|i|7.016319036483765|Min|31|0|0|17|8|9|0|
|i|7.068676948547363|Min|31|0|0|17|8|9|0|
|i|7.156621932983398|Min|31|0|0|17|8|9|0|
|i|7.075263023376465|Min|31|0|0|17|8|9|0|
|i|7.175879001617432|Min|31|0|0|17|8|9|0|
|i|5.971887111663818|Min|31|0|0|17|8|9|0|
|i|5.690903902053833|Min|31|0|0|17|8|9|0|
|i|5.931234121322632|Min|31|0|0|17|8|9|0|
|i|5.872321128845215|Min|31|0|0|17|8|9|0|
|i|6.162650108337402|Min|31|0|0|17|8|9|0|
|i|3.793501853942871|Min|31|0|0|17|8|9|0|
|i|4.1418678760528564|Min|31|0|0|17|8|9|0|
|i|3.6432549953460693|Min|31|0|0|17|8|9|0|
|i|3.902348041534424|Min|31|0|0|17|8|9|0|
|i|3.8134548664093018|Min|31|0|0|17|8|9|0|
|i|80.87906908988953|Min|20|0|0|13|4|9|0|
|i|81.04576992988586|Min|20|0|0|13|4|9|0|
|i|81.60577297210693|Min|20|0|0|13|4|9|0|
|i|79.16069102287292|Min|20|0|0|13|4|9|0|
|i|82.14866209030151|Min|20|0|0|13|4|9|0|
|i|51.80841684341431|Min|20|0|0|13|4|9|0|
|i|52.54911398887634|Min|20|0|0|13|4|9|0|
|i|52.733054876327515|Min|20|0|0|13|4|9|0|
|i|54.273452043533325|Min|20|0|0|13|4|9|0|
|i|53.50215792655945|Min|20|0|0|13|4|9|0|
|i|15.959609985351562|Min|20|0|0|13|4|9|0|
|i|17.435379028320312|Min|20|0|0|13|4|9|0|
|i|16.713266134262085|Min|20|0|0|13|4|9|0|
|i|15.865923881530762|Min|20|0|0|13|4|9|0|
|i|16.30763602256775|Min|20|0|0|13|4|9|0|
|i|16.9166100025177|Min|11|0|0|8|4|4|0|
|i|16.711853981018066|Min|11|0|0|10|5|5|0|
|i|17.219600915908813|Min|11|0|0|9|5|4|0|
|i|16.242963075637817|Min|11|0|0|11|6|5|0|
|i|34.10485601425171|Min|12|0|0|8|3|5|0|
|i|35.40971779823303|Min|12|0|0|9|4|5|0|
|i|75.351970911026|Min|13|0|0|8|3|5|0|
|i|76.91054582595825|Min|13|0|0|9|4|5|0|
|i|129.97798895835876|Min|13|0|0|7|2|5|0|
|i|133.58348107337952|Min|13|0|0|7|2|5|0|
|i|130.25038409233093|Min|13|0|0|7|2|5|0|
|i|133.9322690963745|Min|13|0|0|7|2|5|0|
|i|130.52852201461792|Min|13|0|0|7|2|5|0|
|i|72.98371720314026|Min|13|0|0|7|2|5|0|
|i|79.37051105499268|Min|13|0|0|7|2|5|0|
|i|79.94974303245544|Min|13|0|0|7|2|5|0|
|i|77.44340801239014|Min|13|0|0|7|2|5|0|
|i|79.61732006072998|Min|13|0|0|7|2|5|0|
|i|15.363136053085327|Min|13|0|0|7|2|5|0|
|i|14.698342084884644|Min|13|0|0|7|2|5|0|
|i|14.103787899017334|Min|13|0|0|7|2|5|0|
|i|14.848751068115234|Min|13|0|0|7|2|5|0|
|i|15.032994985580444|Min|13|0|0|7|2|5|0|
|i|4.900836944580078|Min|9|0|0|8|4|4|0|
|i|4.7224531173706055|Min|9|0|0|10|5|5|0|
|i|5.046865940093994|Min|9|0|0|9|5|4|0|
|i|4.98070216178894|Min|9|0|0|11|6|5|0|
|i|8.450501918792725|Min|10|0|0|8|4|4|0|
|i|8.64297103881836|Min|10|0|0|10|5|5|0|
|i|8.800081968307495|Min|10|0|0|9|5|4|0|
|i|8.465546131134033|Min|10|0|0|11|6|5|0|
|i|709.9049189090729|Min|12|0|0|5|1|4|0|
|i|724.9394869804382|Min|12|0|0|5|1|4|0|
|i|716.2890019416809|Min|12|0|0|5|1|4|0|
|i|718.6060268878937|Min|12|0|0|5|1|4|0|
|i|728.2281119823456|Min|12|0|0|5|1|4|0|
|i|86.15643692016602|Min|12|0|0|5|1|4|0|
|i|83.37417697906494|Min|12|0|0|5|1|4|0|
|i|90.41360712051392|Min|12|0|0|5|1|4|0|
|i|86.77810215950012|Min|12|0|0|5|1|4|0|
|i|84.2459168434143|Min|12|0|0|5|1|4|0|
|i|4.418689012527466|Min|7|0|0|8|4|4|0|
|i|4.7490599155426025|Min|7|0|0|10|5|5|0|
|i|4.44588303565979|Min|7|0|0|9|5|4|0|
|i|4.633955955505371|Min|7|0|0|11|6|5|0|
|i|10.322402954101562|Min|8|0|0|8|4|4|0|
|i|11.108522176742554|Min|8|0|0|10|5|5|0|
|i|10.107761859893799|Min|8|0|0|9|5|4|0|
|i|11.104151964187622|Min|8|0|0|11|6|5|0|
|i|29.36790108680725|Min|9|0|0|8|4|4|0|
|i|30.682713985443115|Min|9|0|0|10|5|5|0|
|i|29.63144087791443|Min|9|0|0|9|5|4|0|
|i|31.184720993041992|Min|9|0|0|11|6|5|0|
|i|86.03460693359375|Min|10|0|0|8|3|5|0|
|i|81.78036880493164|Min|10|0|0|9|4|5|0|
|i|4.561648845672607|Min|6|0|0|8|4|4|0|
|i|4.889289140701294|Min|6|0|0|10|4|6|0|
|i|14.479719877243042|Min|7|0|0|8|4|4|0|
|i|15.731164932250977|Min|7|0|0|10|4|6|0|
|i|58.07535004615784|Min|8|0|0|8|2|6|0|
|i|57.36212611198425|Min|8|0|0|9|3|6|0|
|i|84.87293004989624|Min|7|0|0|8|2|6|0|
|i|83.23060989379883|Min|7|0|0|9|3|6|0|
